$MeshFormat
4.1 0 8
$EndMeshFormat
$Entities
4 4 1 0
1 -0.6 -0.3 0 0 
2 0.4 -0.3 0 0 
3 0.4 0.2 0 0 
4 -0.6 0.2 0 0 
1 -0.6000000999999999 -0.3000001 -1e-07 0.4000001 -0.2999999 1e-07 0 2 1 -2 
2 0.3999999 -0.3000001 -1e-07 0.4000001 0.2000001 1e-07 0 2 2 -3 
3 -0.6000000999999999 0.1999999 -1e-07 0.4000001 0.2000001 1e-07 0 2 3 -4 
4 -0.6000000999999999 -0.3000001 -1e-07 -0.5999999 0.2000001 1e-07 0 2 4 -1 
1 -0.6000000999999999 -0.3000001 -1e-07 0.4000001 0.2000001 1e-07 0 4 1 2 3 4 
$EndEntities
$Nodes
9 800 1 800
0 1 0 1
1
-0.6 -0.3 -0
0 2 0 1
2
0.4 -0.3 -0
0 3 0 1
3
0.4 0.2 -0
0 4 0 1
4
-0.6 0.2 -0
1 1 0 38
5
6
7
8
9
10
11
12
13
14
15
16
17
18
19
20
21
22
23
24
25
26
27
28
29
30
31
32
33
34
35
36
37
38
39
40
41
42
-0.5743589743589743 -0.3 0
-0.5487179487179487 -0.3 0
-0.523076923076923 -0.3 0
-0.4974358974358974 -0.3 0
-0.4717948717948718 -0.3 0
-0.4461538461538461 -0.3 0
-0.4205128205128205 -0.3 0
-0.3948717948717949 -0.3 0
-0.3692307692307693 -0.3 0
-0.3435897435897436 -0.3 0
-0.3179487179487179 -0.3 0
-0.2923076923076923 -0.3 0
-0.2666666666666667 -0.3 0
-0.241025641025641 -0.3 0
-0.2153846153846154 -0.3 0
-0.1897435897435897 -0.3 0
-0.1641025641025641 -0.3 0
-0.1384615384615385 -0.3 0
-0.1128205128205128 -0.3 0
-0.0871794871794872 -0.3 0
-0.06153846153846154 -0.3 0
-0.03589743589743588 -0.3 0
-0.01025641025641022 -0.3 0
0.01538461538461544 -0.3 0
0.04102564102564099 -0.3 0
0.06666666666666665 -0.3 0
0.09230769230769231 -0.3 0
0.117948717948718 -0.3 0
0.1435897435897436 -0.3 0
0.1692307692307692 -0.3 0
0.1948717948717948 -0.3 0
0.2205128205128205 -0.3 0
0.2461538461538462 -0.3 0
0.2717948717948718 -0.3 0
0.2974358974358974 -0.3 0
0.323076923076923 -0.3 0
0.3487179487179487 -0.3 0
0.3743589743589744 -0.3 0
1 2 0 18
43
44
45
46
47
48
49
50
51
52
53
54
55
56
57
58
59
60
0.4 -0.2736842105263158 0
0.4 -0.2473684210526316 0
0.4 -0.2210526315789474 0
0.4 -0.1947368421052632 0
0.4 -0.1684210526315789 0
0.4 -0.1421052631578947 0
0.4 -0.1157894736842105 0
0.4 -0.08947368421052632 0
0.4 -0.06315789473684211 0
0.4 -0.0368421052631579 0
0.4 -0.01052631578947366 0
0.4 0.01578947368421052 0
0.4 0.0421052631578947 0
0.4 0.06842105263157894 0
0.4 0.09473684210526317 0
0.4 0.1210526315789474 0
0.4 0.1473684210526315 0
0.4 0.1736842105263158 0
1 3 0 38
61
62
63
64
65
66
67
68
69
70
71
72
73
74
75
76
77
78
79
80
81
82
83
84
85
86
87
88
89
90
91
92
93
94
95
96
97
98
0.3743589743589744 0.2 0
0.3487179487179488 0.2 0
0.3230769230769231 0.2 0
0.2974358974358975 0.2 0
0.2717948717948718 0.2 0
0.2461538461538462 0.2 0
0.2205128205128205 0.2 0
0.1948717948717949 0.2 0
0.1692307692307693 0.2 0
0.1435897435897436 0.2 0
0.117948717948718 0.2 0
0.09230769230769231 0.2 0
0.06666666666666671 0.2 0
0.04102564102564105 0.2 0
0.01538461538461544 0.2 0
-0.01025641025641022 0.2 0
-0.03589743589743588 0.2 0
-0.06153846153846149 0.2 0
-0.08717948717948715 0.2 0
-0.1128205128205128 0.2 0
-0.1384615384615384 0.2 0
-0.1641025641025641 0.2 0
-0.1897435897435897 0.2 0
-0.2153846153846154 0.2 0
-0.2410256410256409 0.2 0
-0.2666666666666666 0.2 0
-0.2923076923076923 0.2 0
-0.3179487179487179 0.2 0
-0.3435897435897436 0.2 0
-0.3692307692307691 0.2 0
-0.3948717948717948 0.2 0
-0.4205128205128205 0.2 0
-0.4461538461538461 0.2 0
-0.4717948717948718 0.2 0
-0.4974358974358973 0.2 0
-0.523076923076923 0.2 0
-0.5487179487179487 0.2 0
-0.5743589743589743 0.2 0
1 4 0 18
99
100
101
102
103
104
105
106
107
108
109
110
111
112
113
114
115
116
-0.6 0.1736842105263158 0
-0.6 0.1473684210526316 0
-0.6 0.1210526315789474 0
-0.6 0.09473684210526317 0
-0.6 0.06842105263157897 0
-0.6 0.04210526315789476 0
-0.6 0.01578947368421055 0
-0.6 -0.01052631578947366 0
-0.6 -0.03684210526315787 0
-0.6 -0.06315789473684208 0
-0.6 -0.08947368421052632 0
-0.6 -0.1157894736842105 0
-0.6 -0.1421052631578947 0
-0.6 -0.1684210526315789 0
-0.6 -0.1947368421052632 0
-0.6 -0.2210526315789473 0
-0.6 -0.2473684210526315 0
-0.6 -0.2736842105263158 0
2 1 0 684
117
118
119
120
121
122
123
124
125
126
127
128
129
130
131
132
133
134
135
136
137
138
139
140
141
142
143
144
145
146
147
148
149
150
151
152
153
154
155
156
157
158
159
160
161
162
163
164
165
166
167
168
169
170
171
172
173
174
175
176
177
178
179
180
181
182
183
184
185
186
187
188
189
190
191
192
193
194
195
196
197
198
199
200
201
202
203
204
205
206
207
208
209
210
211
212
213
214
215
216
217
218
219
220
221
222
223
224
225
226
227
228
229
230
231
232
233
234
235
236
237
238
239
240
241
242
243
244
245
246
247
248
249
250
251
252
253
254
255
256
257
258
259
260
261
262
263
264
265
266
267
268
269
270
271
272
273
274
275
276
277
278
279
280
281
282
283
284
285
286
287
288
289
290
291
292
293
294
295
296
297
298
299
300
301
302
303
304
305
306
307
308
309
310
311
312
313
314
315
316
317
318
319
320
321
322
323
324
325
326
327
328
329
330
331
332
333
334
335
336
337
338
339
340
341
342
343
344
345
346
347
348
349
350
351
352
353
354
355
356
357
358
359
360
361
362
363
364
365
366
367
368
369
370
371
372
373
374
375
376
377
378
379
380
381
382
383
384
385
386
387
388
389
390
391
392
393
394
395
396
397
398
399
400
401
402
403
404
405
406
407
408
409
410
411
412
413
414
415
416
417
418
419
420
421
422
423
424
425
426
427
428
429
430
431
432
433
434
435
436
437
438
439
440
441
442
443
444
445
446
447
448
449
450
451
452
453
454
455
456
457
458
459
460
461
462
463
464
465
466
467
468
469
470
471
472
473
474
475
476
477
478
479
480
481
482
483
484
485
486
487
488
489
490
491
492
493
494
495
496
497
498
499
500
501
502
503
504
505
506
507
508
509
510
511
512
513
514
515
516
517
518
519
520
521
522
523
524
525
526
527
528
529
530
531
532
533
534
535
536
537
538
539
540
541
542
543
544
545
546
547
548
549
550
551
552
553
554
555
556
557
558
559
560
561
562
563
564
565
566
567
568
569
570
571
572
573
574
575
576
577
578
579
580
581
582
583
584
585
586
587
588
589
590
591
592
593
594
595
596
597
598
599
600
601
602
603
604
605
606
607
608
609
610
611
612
613
614
615
616
617
618
619
620
621
622
623
624
625
626
627
628
629
630
631
632
633
634
635
636
637
638
639
640
641
642
643
644
645
646
647
648
649
650
651
652
653
654
655
656
657
658
659
660
661
662
663
664
665
666
667
668
669
670
671
672
673
674
675
676
677
678
679
680
681
682
683
684
685
686
687
688
689
690
691
692
693
694
695
696
697
698
699
700
701
702
703
704
705
706
707
708
709
710
711
712
713
714
715
716
717
718
719
720
721
722
723
724
725
726
727
728
729
730
731
732
733
734
735
736
737
738
739
740
741
742
743
744
745
746
747
748
749
750
751
752
753
754
755
756
757
758
759
760
761
762
763
764
765
766
767
768
769
770
771
772
773
774
775
776
777
778
779
780
781
782
783
784
785
786
787
788
789
790
791
792
793
794
795
796
797
798
799
800
-0.5743589743589744 -0.2736842105263158 0
-0.5743589743589743 -0.2473684210526315 0
-0.5743589743589742 -0.2210526315789473 0
-0.5743589743589742 -0.1947368421052632 0
-0.5743589743589743 -0.1684210526315789 0
-0.5743589743589743 -0.1421052631578947 0
-0.5743589743589744 -0.1157894736842105 0
-0.5743589743589743 -0.08947368421052632 0
-0.5743589743589743 -0.06315789473684208 0
-0.5743589743589743 -0.03684210526315788 0
-0.5743589743589743 -0.01052631578947367 0
-0.5743589743589743 0.01578947368421054 0
-0.5743589743589743 0.04210526315789476 0
-0.5743589743589743 0.06842105263157897 0
-0.5743589743589743 0.09473684210526317 0
-0.5743589743589743 0.1210526315789474 0
-0.5743589743589743 0.1473684210526316 0
-0.5743589743589743 0.1736842105263158 0
-0.5487179487179488 -0.2736842105263158 0
-0.5487179487179487 -0.2473684210526315 0
-0.5487179487179488 -0.2210526315789473 0
-0.5487179487179487 -0.1947368421052632 0
-0.5487179487179487 -0.1684210526315789 0
-0.5487179487179487 -0.1421052631578947 0
-0.5487179487179487 -0.1157894736842105 0
-0.5487179487179488 -0.08947368421052632 0
-0.5487179487179487 -0.06315789473684208 0
-0.5487179487179487 -0.03684210526315788 0
-0.5487179487179488 -0.01052631578947367 0
-0.5487179487179487 0.01578947368421055 0
-0.5487179487179485 0.04210526315789475 0
-0.5487179487179487 0.06842105263157897 0
-0.5487179487179487 0.09473684210526317 0
-0.5487179487179487 0.1210526315789474 0
-0.5487179487179487 0.1473684210526316 0
-0.5487179487179487 0.1736842105263158 0
-0.5230769230769231 -0.2736842105263158 0
-0.523076923076923 -0.2473684210526315 0
-0.523076923076923 -0.2210526315789473 0
-0.523076923076923 -0.1947368421052632 0
-0.5230769230769231 -0.1684210526315789 0
-0.523076923076923 -0.1421052631578947 0
-0.523076923076923 -0.1157894736842105 0
-0.523076923076923 -0.08947368421052632 0
-0.523076923076923 -0.06315789473684208 0
-0.523076923076923 -0.03684210526315788 0
-0.523076923076923 -0.01052631578947365 0
-0.523076923076923 0.01578947368421054 0
-0.523076923076923 0.04210526315789475 0
-0.523076923076923 0.06842105263157897 0
-0.523076923076923 0.09473684210526317 0
-0.523076923076923 0.1210526315789474 0
-0.523076923076923 0.1473684210526316 0
-0.523076923076923 0.1736842105263158 0
-0.4974358974358974 -0.2736842105263158 0
-0.4974358974358974 -0.2473684210526315 0
-0.4974358974358974 -0.2210526315789473 0
-0.4974358974358974 -0.1947368421052632 0
-0.4974358974358974 -0.1684210526315789 0
-0.4974358974358972 -0.1421052631578947 0
-0.4974358974358973 -0.1157894736842105 0
-0.4974358974358973 -0.08947368421052632 0
-0.4974358974358973 -0.06315789473684211 0
-0.4974358974358973 -0.03684210526315786 0
-0.4974358974358974 -0.01052631578947367 0
-0.4974358974358973 0.01578947368421051 0
-0.4974358974358973 0.04210526315789478 0
-0.4974358974358973 0.06842105263157897 0
-0.4974358974358973 0.09473684210526317 0
-0.4974358974358973 0.1210526315789474 0
-0.4974358974358973 0.1473684210526316 0
-0.4974358974358973 0.1736842105263158 0
-0.4717948717948718 -0.2736842105263158 0
-0.4717948717948718 -0.2473684210526315 0
-0.4717948717948719 -0.2210526315789473 0
-0.4717948717948717 -0.1947368421052632 0
-0.4717948717948718 -0.1684210526315789 0
-0.4717948717948716 -0.1421052631578947 0
-0.4717948717948718 -0.1157894736842105 0
-0.4717948717948718 -0.08947368421052632 0
-0.4717948717948718 -0.06315789473684208 0
-0.4717948717948718 -0.03684210526315786 0
-0.4717948717948718 -0.01052631578947367 0
-0.4717948717948718 0.01578947368421054 0
-0.4717948717948718 0.04210526315789474 0
-0.4717948717948718 0.06842105263157894 0
-0.4717948717948718 0.09473684210526317 0
-0.4717948717948718 0.1210526315789474 0
-0.4717948717948718 0.1473684210526316 0
-0.4717948717948718 0.1736842105263158 0
-0.4461538461538461 -0.2736842105263158 0
-0.4461538461538461 -0.2473684210526316 0
-0.4461538461538461 -0.2210526315789473 0
-0.4461538461538461 -0.1947368421052632 0
-0.4461538461538461 -0.1684210526315789 0
-0.4461538461538461 -0.1421052631578947 0
-0.4461538461538461 -0.1157894736842105 0
-0.4461538461538461 -0.08947368421052632 0
-0.4461538461538461 -0.06315789473684208 0
-0.4461538461538461 -0.03684210526315786 0
-0.4461538461538461 -0.01052631578947367 0
-0.4461538461538461 0.01578947368421054 0
-0.4461538461538461 0.04210526315789475 0
-0.4461538461538461 0.06842105263157897 0
-0.4461538461538461 0.09473684210526317 0
-0.4461538461538461 0.1210526315789474 0
-0.4461538461538461 0.1473684210526316 0
-0.4461538461538461 0.1736842105263158 0
-0.4205128205128205 -0.2736842105263158 0
-0.4205128205128204 -0.2473684210526315 0
-0.4205128205128204 -0.2210526315789473 0
-0.4205128205128205 -0.1947368421052632 0
-0.4205128205128204 -0.1684210526315789 0
-0.4205128205128206 -0.1421052631578947 0
-0.4205128205128205 -0.1157894736842105 0
-0.4205128205128205 -0.08947368421052634 0
-0.4205128205128205 -0.06315789473684208 0
-0.4205128205128205 -0.03684210526315788 0
-0.4205128205128205 -0.01052631578947367 0
-0.4205128205128205 0.01578947368421055 0
-0.4205128205128205 0.04210526315789475 0
-0.4205128205128205 0.06842105263157897 0
-0.4205128205128205 0.09473684210526317 0
-0.4205128205128205 0.1210526315789474 0
-0.4205128205128205 0.1473684210526316 0
-0.4205128205128205 0.1736842105263158 0
-0.3948717948717947 -0.2736842105263158 0
-0.3948717948717948 -0.2473684210526315 0
-0.3948717948717948 -0.2210526315789473 0
-0.3948717948717949 -0.1947368421052632 0
-0.3948717948717949 -0.1684210526315789 0
-0.3948717948717948 -0.1421052631578947 0
-0.3948717948717948 -0.1157894736842105 0
-0.3948717948717948 -0.08947368421052632 0
-0.3948717948717948 -0.06315789473684208 0
-0.3948717948717948 -0.03684210526315789 0
-0.3948717948717948 -0.01052631578947365 0
-0.3948717948717947 0.01578947368421054 0
-0.3948717948717947 0.04210526315789472 0
-0.3948717948717948 0.06842105263157894 0
-0.3948717948717948 0.09473684210526317 0
-0.3948717948717948 0.1210526315789474 0
-0.3948717948717948 0.1473684210526316 0
-0.3948717948717948 0.1736842105263158 0
-0.3692307692307692 -0.2736842105263158 0
-0.3692307692307693 -0.2473684210526315 0
-0.3692307692307693 -0.2210526315789473 0
-0.3692307692307693 -0.1947368421052632 0
-0.3692307692307691 -0.1684210526315789 0
-0.3692307692307693 -0.1421052631578947 0
-0.3692307692307693 -0.1157894736842105 0
-0.3692307692307691 -0.08947368421052632 0
-0.3692307692307691 -0.06315789473684208 0
-0.3692307692307693 -0.03684210526315789 0
-0.3692307692307691 -0.01052631578947365 0
-0.3692307692307691 0.01578947368421054 0
-0.3692307692307691 0.04210526315789475 0
-0.3692307692307691 0.06842105263157894 0
-0.3692307692307691 0.09473684210526317 0
-0.3692307692307691 0.1210526315789474 0
-0.3692307692307691 0.1473684210526316 0
-0.3692307692307691 0.1736842105263158 0
-0.3435897435897436 -0.2736842105263158 0
-0.3435897435897436 -0.2473684210526316 0
-0.3435897435897436 -0.2210526315789473 0
-0.3435897435897436 -0.1947368421052632 0
-0.3435897435897436 -0.1684210526315789 0
-0.3435897435897436 -0.1421052631578947 0
-0.3435897435897436 -0.1157894736842105 0
-0.3435897435897436 -0.08947368421052632 0
-0.3435897435897436 -0.06315789473684208 0
-0.3435897435897436 -0.03684210526315788 0
-0.3435897435897436 -0.01052631578947367 0
-0.3435897435897436 0.01578947368421054 0
-0.3435897435897436 0.04210526315789475 0
-0.3435897435897436 0.06842105263157897 0
-0.3435897435897436 0.09473684210526317 0
-0.3435897435897436 0.1210526315789474 0
-0.3435897435897436 0.1473684210526316 0
-0.3435897435897436 0.1736842105263158 0
-0.3179487179487179 -0.2736842105263158 0
-0.3179487179487179 -0.2473684210526315 0
-0.3179487179487179 -0.2210526315789473 0
-0.3179487179487179 -0.1947368421052632 0
-0.3179487179487178 -0.1684210526315789 0
-0.317948717948718 -0.1421052631578947 0
-0.3179487179487179 -0.1157894736842105 0
-0.3179487179487179 -0.08947368421052632 0
-0.3179487179487179 -0.06315789473684211 0
-0.3179487179487179 -0.03684210526315788 0
-0.3179487179487179 -0.01052631578947367 0
-0.3179487179487179 0.01578947368421054 0
-0.3179487179487179 0.04210526315789475 0
-0.3179487179487179 0.06842105263157894 0
-0.3179487179487179 0.09473684210526317 0
-0.3179487179487179 0.1210526315789474 0
-0.3179487179487179 0.1473684210526316 0
-0.3179487179487179 0.1736842105263158 0
-0.2923076923076922 -0.2736842105263158 0
-0.2923076923076923 -0.2473684210526315 0
-0.2923076923076923 -0.2210526315789473 0
-0.2923076923076923 -0.1947368421052632 0
-0.2923076923076923 -0.1684210526315789 0
-0.2923076923076923 -0.1421052631578947 0
-0.2923076923076923 -0.1157894736842105 0
-0.2923076923076923 -0.08947368421052632 0
-0.2923076923076923 -0.06315789473684208 0
-0.2923076923076923 -0.03684210526315788 0
-0.2923076923076923 -0.01052631578947366 0
-0.2923076923076923 0.01578947368421054 0
-0.2923076923076923 0.04210526315789475 0
-0.2923076923076923 0.06842105263157894 0
-0.2923076923076923 0.09473684210526317 0
-0.2923076923076923 0.1210526315789474 0
-0.2923076923076923 0.1473684210526316 0
-0.2923076923076923 0.1736842105263158 0
-0.2666666666666667 -0.2736842105263158 0
-0.2666666666666667 -0.2473684210526315 0
-0.2666666666666666 -0.2210526315789473 0
-0.2666666666666667 -0.1947368421052632 0
-0.2666666666666666 -0.1684210526315789 0
-0.2666666666666667 -0.1421052631578947 0
-0.2666666666666666 -0.1157894736842105 0
-0.2666666666666667 -0.08947368421052632 0
-0.2666666666666666 -0.06315789473684208 0
-0.2666666666666666 -0.03684210526315789 0
-0.2666666666666666 -0.01052631578947368 0
-0.2666666666666666 0.01578947368421051 0
-0.2666666666666666 0.04210526315789475 0
-0.2666666666666666 0.06842105263157894 0
-0.2666666666666666 0.09473684210526317 0
-0.2666666666666666 0.1210526315789474 0
-0.2666666666666666 0.1473684210526316 0
-0.2666666666666666 0.1736842105263158 0
-0.241025641025641 -0.2736842105263158 0
-0.2410256410256411 -0.2473684210526315 0
-0.241025641025641 -0.2210526315789473 0
-0.241025641025641 -0.1947368421052632 0
-0.241025641025641 -0.1684210526315789 0
-0.2410256410256409 -0.1421052631578947 0
-0.241025641025641 -0.1157894736842105 0
-0.2410256410256409 -0.08947368421052632 0
-0.2410256410256409 -0.06315789473684208 0
-0.2410256410256409 -0.03684210526315789 0
-0.2410256410256409 -0.01052631578947367 0
-0.2410256410256409 0.01578947368421051 0
-0.2410256410256409 0.04210526315789472 0
-0.2410256410256409 0.06842105263157894 0
-0.2410256410256409 0.09473684210526317 0
-0.2410256410256409 0.1210526315789474 0
-0.2410256410256409 0.1473684210526316 0
-0.241025641025641 0.1736842105263158 0
-0.2153846153846154 -0.2736842105263158 0
-0.2153846153846154 -0.2473684210526316 0
-0.2153846153846154 -0.2210526315789473 0
-0.2153846153846154 -0.1947368421052632 0
-0.2153846153846154 -0.168421052631579 0
-0.2153846153846154 -0.1421052631578947 0
-0.2153846153846154 -0.1157894736842105 0
-0.2153846153846154 -0.08947368421052632 0
-0.2153846153846154 -0.06315789473684208 0
-0.2153846153846154 -0.03684210526315789 0
-0.2153846153846154 -0.01052631578947366 0
-0.2153846153846154 0.01578947368421051 0
-0.2153846153846154 0.04210526315789472 0
-0.2153846153846154 0.06842105263157894 0
-0.2153846153846154 0.09473684210526317 0
-0.2153846153846154 0.1210526315789474 0
-0.2153846153846154 0.1473684210526316 0
-0.2153846153846154 0.1736842105263158 0
-0.1897435897435898 -0.2736842105263158 0
-0.1897435897435897 -0.2473684210526315 0
-0.1897435897435897 -0.2210526315789473 0
-0.1897435897435897 -0.1947368421052632 0
-0.1897435897435897 -0.1684210526315789 0
-0.1897435897435897 -0.1421052631578947 0
-0.1897435897435898 -0.1157894736842105 0
-0.1897435897435897 -0.08947368421052632 0
-0.1897435897435897 -0.06315789473684208 0
-0.1897435897435897 -0.03684210526315789 0
-0.1897435897435897 -0.01052631578947368 0
-0.1897435897435897 0.01578947368421051 0
-0.1897435897435897 0.04210526315789472 0
-0.1897435897435897 0.06842105263157894 0
-0.1897435897435897 0.09473684210526317 0
-0.1897435897435898 0.1210526315789474 0
-0.1897435897435897 0.1473684210526316 0
-0.1897435897435897 0.1736842105263158 0
-0.1641025641025641 -0.2736842105263158 0
-0.164102564102564 -0.2473684210526315 0
-0.1641025641025641 -0.2210526315789473 0
-0.1641025641025641 -0.1947368421052632 0
-0.1641025641025641 -0.1684210526315789 0
-0.1641025641025641 -0.1421052631578947 0
-0.1641025641025641 -0.1157894736842105 0
-0.164102564102564 -0.08947368421052632 0
-0.1641025641025641 -0.06315789473684208 0
-0.1641025641025641 -0.03684210526315788 0
-0.1641025641025641 -0.01052631578947367 0
-0.1641025641025641 0.01578947368421051 0
-0.1641025641025641 0.04210526315789472 0
-0.1641025641025641 0.06842105263157897 0
-0.1641025641025641 0.09473684210526317 0
-0.1641025641025641 0.1210526315789474 0
-0.1641025641025641 0.1473684210526316 0
-0.164102564102564 0.1736842105263158 0
-0.1384615384615385 -0.2736842105263158 0
-0.1384615384615384 -0.2473684210526315 0
-0.1384615384615385 -0.2210526315789473 0
-0.1384615384615385 -0.1947368421052632 0
-0.1384615384615384 -0.1684210526315789 0
-0.1384615384615384 -0.1421052631578947 0
-0.1384615384615384 -0.1157894736842105 0
-0.1384615384615384 -0.08947368421052632 0
-0.1384615384615384 -0.06315789473684211 0
-0.1384615384615384 -0.03684210526315788 0
-0.1384615384615384 -0.01052631578947367 0
-0.1384615384615384 0.01578947368421051 0
-0.1384615384615384 0.04210526315789472 0
-0.1384615384615384 0.06842105263157897 0
-0.1384615384615384 0.09473684210526317 0
-0.1384615384615384 0.1210526315789474 0
-0.1384615384615384 0.1473684210526316 0
-0.1384615384615384 0.1736842105263158 0
-0.1128205128205128 -0.2736842105263158 0
-0.1128205128205128 -0.2473684210526316 0
-0.1128205128205128 -0.2210526315789473 0
-0.1128205128205128 -0.1947368421052632 0
-0.1128205128205128 -0.168421052631579 0
-0.1128205128205128 -0.1421052631578947 0
-0.1128205128205128 -0.1157894736842105 0
-0.1128205128205128 -0.08947368421052633 0
-0.1128205128205128 -0.06315789473684212 0
-0.1128205128205128 -0.03684210526315789 0
-0.1128205128205128 -0.01052631578947367 0
-0.1128205128205128 0.01578947368421051 0
-0.1128205128205128 0.04210526315789472 0
-0.1128205128205128 0.06842105263157894 0
-0.1128205128205128 0.09473684210526317 0
-0.1128205128205128 0.1210526315789474 0
-0.1128205128205128 0.1473684210526316 0
-0.1128205128205128 0.1736842105263158 0
-0.0871794871794872 -0.2736842105263158 0
-0.08717948717948719 -0.2473684210526316 0
-0.08717948717948716 -0.2210526315789473 0
-0.0871794871794872 -0.1947368421052632 0
-0.08717948717948719 -0.168421052631579 0
-0.08717948717948719 -0.1421052631578947 0
-0.08717948717948718 -0.1157894736842105 0
-0.08717948717948715 -0.08947368421052632 0
-0.08717948717948713 -0.06315789473684211 0
-0.08717948717948715 -0.03684210526315789 0
-0.08717948717948715 -0.01052631578947367 0
-0.08717948717948718 0.01578947368421051 0
-0.08717948717948716 0.04210526315789472 0
-0.08717948717948716 0.06842105263157894 0
-0.08717948717948716 0.09473684210526317 0
-0.08717948717948712 0.1210526315789474 0
-0.08717948717948712 0.1473684210526316 0
-0.08717948717948715 0.1736842105263158 0
-0.06153846153846151 -0.2736842105263158 0
-0.06153846153846156 -0.2473684210526315 0
-0.06153846153846155 -0.2210526315789473 0
-0.0615384615384615 -0.1947368421052632 0
-0.06153846153846153 -0.1684210526315789 0
-0.06153846153846153 -0.1421052631578947 0
-0.06153846153846156 -0.1157894736842105 0
-0.06153846153846151 -0.08947368421052632 0
-0.06153846153846153 -0.06315789473684212 0
-0.06153846153846153 -0.03684210526315788 0
-0.06153846153846151 -0.01052631578947367 0
-0.06153846153846154 0.01578947368421051 0
-0.0615384615384615 0.04210526315789472 0
-0.0615384615384615 0.06842105263157897 0
-0.06153846153846151 0.09473684210526317 0
-0.06153846153846146 0.1210526315789474 0
-0.06153846153846149 0.1473684210526316 0
-0.06153846153846151 0.1736842105263158 0
-0.03589743589743588 -0.2736842105263158 0
-0.03589743589743591 -0.2473684210526315 0
-0.03589743589743589 -0.2210526315789473 0
-0.03589743589743588 -0.1947368421052632 0
-0.03589743589743588 -0.1684210526315789 0
-0.03589743589743584 -0.1421052631578947 0
-0.03589743589743588 -0.1157894736842105 0
-0.03589743589743592 -0.08947368421052633 0
-0.03589743589743588 -0.06315789473684211 0
-0.03589743589743589 -0.03684210526315788 0
-0.03589743589743588 -0.01052631578947367 0
-0.03589743589743588 0.01578947368421051 0
-0.03589743589743585 0.04210526315789472 0
-0.03589743589743588 0.06842105263157894 0
-0.03589743589743585 0.09473684210526317 0
-0.03589743589743588 0.1210526315789474 0
-0.03589743589743588 0.1473684210526316 0
-0.03589743589743588 0.1736842105263158 0
-0.01025641025641019 -0.2736842105263158 0
-0.01025641025641022 -0.2473684210526316 0
-0.01025641025641023 -0.2210526315789473 0
-0.01025641025641022 -0.1947368421052632 0
-0.01025641025641022 -0.1684210526315789 0
-0.01025641025641026 -0.1421052631578947 0
-0.01025641025641021 -0.1157894736842105 0
-0.01025641025641021 -0.08947368421052633 0
-0.01025641025641022 -0.06315789473684211 0
-0.01025641025641022 -0.03684210526315789 0
-0.01025641025641023 -0.01052631578947368 0
-0.01025641025641025 0.01578947368421051 0
-0.01025641025641022 0.04210526315789472 0
-0.01025641025641022 0.06842105263157894 0
-0.01025641025641022 0.09473684210526317 0
-0.01025641025641016 0.1210526315789474 0
-0.01025641025641019 0.1473684210526316 0
-0.01025641025641022 0.1736842105263158 0
0.01538461538461547 -0.2736842105263158 0
0.01538461538461543 -0.2473684210526316 0
0.01538461538461544 -0.2210526315789473 0
0.01538461538461544 -0.1947368421052632 0
0.01538461538461544 -0.168421052631579 0
0.01538461538461544 -0.1421052631578947 0
0.01538461538461544 -0.1157894736842105 0
0.01538461538461544 -0.08947368421052632 0
0.01538461538461544 -0.06315789473684211 0
0.01538461538461544 -0.03684210526315789 0
0.01538461538461545 -0.01052631578947366 0
0.01538461538461544 0.01578947368421051 0
0.01538461538461544 0.04210526315789472 0
0.01538461538461544 0.06842105263157894 0
0.01538461538461547 0.09473684210526317 0
0.01538461538461541 0.1210526315789474 0
0.01538461538461541 0.1473684210526316 0
0.01538461538461544 0.1736842105263158 0
0.04102564102564096 -0.2736842105263158 0
0.04102564102564102 -0.2473684210526315 0
0.04102564102564102 -0.2210526315789473 0
0.04102564102564096 -0.1947368421052632 0
0.04102564102564099 -0.1684210526315789 0
0.04102564102564105 -0.1421052631578947 0
0.04102564102564099 -0.1157894736842105 0
0.04102564102564099 -0.08947368421052632 0
0.04102564102564105 -0.06315789473684211 0
0.04102564102564099 -0.03684210526315789 0
0.04102564102564099 -0.01052631578947367 0
0.04102564102564099 0.01578947368421051 0
0.04102564102564096 0.04210526315789472 0
0.04102564102564099 0.06842105263157894 0
0.04102564102564107 0.09473684210526317 0
0.04102564102564105 0.1210526315789474 0
0.04102564102564105 0.1473684210526315 0
0.04102564102564105 0.1736842105263158 0
0.06666666666666662 -0.2736842105263158 0
0.0666666666666666 -0.2473684210526315 0
0.06666666666666671 -0.2210526315789473 0
0.06666666666666665 -0.1947368421052632 0
0.06666666666666665 -0.1684210526315789 0
0.06666666666666665 -0.1421052631578947 0
0.06666666666666671 -0.1157894736842105 0
0.06666666666666665 -0.08947368421052633 0
0.06666666666666671 -0.06315789473684211 0
0.06666666666666662 -0.03684210526315789 0
0.06666666666666671 -0.01052631578947368 0
0.06666666666666668 0.01578947368421051 0
0.06666666666666671 0.04210526315789472 0
0.06666666666666662 0.06842105263157894 0
0.06666666666666668 0.09473684210526317 0
0.06666666666666668 0.1210526315789474 0
0.06666666666666671 0.1473684210526316 0
0.06666666666666674 0.1736842105263158 0
0.09230769230769226 -0.2736842105263158 0
0.09230769230769231 -0.2473684210526315 0
0.09230769230769231 -0.2210526315789473 0
0.09230769230769234 -0.1947368421052632 0
0.09230769230769231 -0.1684210526315789 0
0.09230769230769231 -0.1421052631578947 0
0.09230769230769231 -0.1157894736842105 0
0.09230769230769231 -0.08947368421052632 0
0.09230769230769231 -0.06315789473684211 0
0.09230769230769234 -0.03684210526315791 0
0.09230769230769231 -0.01052631578947366 0
0.09230769230769231 0.01578947368421051 0
0.09230769230769231 0.04210526315789469 0
0.09230769230769231 0.06842105263157894 0
0.09230769230769231 0.09473684210526317 0
0.09230769230769229 0.1210526315789474 0
0.09230769230769237 0.1473684210526315 0
0.09230769230769234 0.1736842105263158 0
0.1179487179487179 -0.2736842105263158 0
0.117948717948718 -0.2473684210526316 0
0.117948717948718 -0.2210526315789473 0
0.117948717948718 -0.1947368421052632 0
0.1179487179487179 -0.1684210526315789 0
0.1179487179487181 -0.1421052631578947 0
0.117948717948718 -0.1157894736842105 0
0.117948717948718 -0.08947368421052632 0
0.117948717948718 -0.06315789473684212 0
0.1179487179487179 -0.03684210526315789 0
0.1179487179487179 -0.01052631578947367 0
0.117948717948718 0.01578947368421051 0
0.117948717948718 0.04210526315789472 0
0.1179487179487179 0.06842105263157891 0
0.1179487179487179 0.09473684210526317 0
0.117948717948718 0.1210526315789474 0
0.117948717948718 0.1473684210526315 0
0.1179487179487179 0.1736842105263158 0
0.1435897435897436 -0.2736842105263158 0
0.1435897435897436 -0.2473684210526316 0
0.1435897435897437 -0.2210526315789473 0
0.1435897435897436 -0.1947368421052632 0
0.1435897435897436 -0.1684210526315789 0
0.1435897435897436 -0.1421052631578947 0
0.1435897435897436 -0.1157894736842105 0
0.1435897435897437 -0.08947368421052632 0
0.1435897435897436 -0.06315789473684212 0
0.1435897435897437 -0.03684210526315791 0
0.1435897435897436 -0.01052631578947367 0
0.1435897435897436 0.01578947368421051 0
0.1435897435897436 0.04210526315789469 0
0.1435897435897436 0.06842105263157894 0
0.1435897435897436 0.09473684210526317 0
0.1435897435897437 0.1210526315789474 0
0.1435897435897436 0.1473684210526316 0
0.1435897435897436 0.1736842105263158 0
0.1692307692307691 -0.2736842105263158 0
0.1692307692307692 -0.2473684210526315 0
0.1692307692307692 -0.2210526315789473 0
0.1692307692307692 -0.1947368421052632 0
0.1692307692307692 -0.1684210526315789 0
0.1692307692307692 -0.1421052631578947 0
0.1692307692307692 -0.1157894736842105 0
0.1692307692307692 -0.08947368421052632 0
0.1692307692307692 -0.06315789473684211 0
0.1692307692307692 -0.03684210526315791 0
0.1692307692307693 -0.01052631578947366 0
0.1692307692307692 0.01578947368421051 0
0.1692307692307693 0.04210526315789469 0
0.1692307692307692 0.06842105263157894 0
0.1692307692307693 0.09473684210526317 0
0.1692307692307693 0.1210526315789474 0
0.1692307692307693 0.1473684210526315 0
0.1692307692307693 0.1736842105263158 0
0.1948717948717948 -0.2736842105263158 0
0.1948717948717949 -0.2473684210526315 0
0.194871794871795 -0.2210526315789473 0
0.194871794871795 -0.1947368421052632 0
0.1948717948717948 -0.1684210526315789 0
0.1948717948717948 -0.1421052631578947 0
0.1948717948717948 -0.1157894736842105 0
0.1948717948717948 -0.08947368421052632 0
0.1948717948717948 -0.06315789473684211 0
0.1948717948717948 -0.03684210526315791 0
0.1948717948717948 -0.01052631578947367 0
0.1948717948717948 0.0157894736842105 0
0.1948717948717948 0.04210526315789468 0
0.1948717948717948 0.06842105263157894 0
0.1948717948717949 0.09473684210526317 0
0.1948717948717948 0.1210526315789474 0
0.1948717948717948 0.1473684210526315 0
0.1948717948717948 0.1736842105263158 0
0.2205128205128205 -0.2736842105263158 0
0.2205128205128205 -0.2473684210526316 0
0.2205128205128204 -0.2210526315789473 0
0.2205128205128205 -0.1947368421052632 0
0.2205128205128204 -0.1684210526315789 0
0.2205128205128206 -0.1421052631578947 0
0.2205128205128205 -0.1157894736842105 0
0.2205128205128205 -0.08947368421052632 0
0.2205128205128205 -0.06315789473684211 0
0.2205128205128205 -0.03684210526315791 0
0.2205128205128205 -0.01052631578947367 0
0.2205128205128206 0.01578947368421053 0
0.2205128205128205 0.04210526315789469 0
0.2205128205128205 0.06842105263157894 0
0.2205128205128205 0.09473684210526317 0
0.2205128205128205 0.1210526315789474 0
0.2205128205128205 0.1473684210526315 0
0.2205128205128205 0.1736842105263158 0
0.2461538461538461 -0.2736842105263158 0
0.2461538461538462 -0.2473684210526316 0
0.2461538461538462 -0.2210526315789473 0
0.2461538461538462 -0.1947368421052632 0
0.2461538461538462 -0.1684210526315789 0
0.2461538461538462 -0.1421052631578947 0
0.2461538461538462 -0.1157894736842105 0
0.2461538461538462 -0.08947368421052632 0
0.2461538461538462 -0.06315789473684211 0
0.2461538461538461 -0.0368421052631579 0
0.2461538461538462 -0.01052631578947367 0
0.2461538461538462 0.01578947368421051 0
0.2461538461538462 0.04210526315789469 0
0.2461538461538462 0.06842105263157894 0
0.2461538461538462 0.09473684210526317 0
0.2461538461538462 0.1210526315789474 0
0.2461538461538462 0.1473684210526316 0
0.2461538461538462 0.1736842105263158 0
0.2717948717948718 -0.2736842105263158 0
0.2717948717948718 -0.2473684210526316 0
0.271794871794872 -0.2210526315789473 0
0.2717948717948717 -0.1947368421052632 0
0.2717948717948718 -0.1684210526315789 0
0.2717948717948717 -0.1421052631578947 0
0.2717948717948718 -0.1157894736842105 0
0.2717948717948718 -0.08947368421052632 0
0.2717948717948718 -0.06315789473684211 0
0.2717948717948718 -0.0368421052631579 0
0.2717948717948718 -0.01052631578947366 0
0.2717948717948718 0.01578947368421051 0
0.2717948717948718 0.04210526315789468 0
0.2717948717948718 0.06842105263157894 0
0.2717948717948718 0.09473684210526317 0
0.2717948717948719 0.1210526315789474 0
0.2717948717948718 0.1473684210526315 0
0.2717948717948719 0.1736842105263158 0
0.2974358974358974 -0.2736842105263158 0
0.2974358974358974 -0.2473684210526315 0
0.2974358974358974 -0.2210526315789473 0
0.2974358974358975 -0.1947368421052632 0
0.2974358974358975 -0.1684210526315789 0
0.2974358974358975 -0.1421052631578947 0
0.2974358974358974 -0.1157894736842105 0
0.2974358974358974 -0.08947368421052632 0
0.2974358974358975 -0.06315789473684212 0
0.2974358974358975 -0.0368421052631579 0
0.2974358974358974 -0.01052631578947368 0
0.2974358974358975 0.01578947368421051 0
0.2974358974358974 0.04210526315789471 0
0.2974358974358974 0.06842105263157894 0
0.2974358974358974 0.09473684210526317 0
0.2974358974358974 0.1210526315789474 0
0.2974358974358975 0.1473684210526316 0
0.2974358974358975 0.1736842105263158 0
0.323076923076923 -0.2736842105263158 0
0.323076923076923 -0.2473684210526315 0
0.323076923076923 -0.2210526315789473 0
0.323076923076923 -0.1947368421052632 0
0.3230769230769231 -0.1684210526315789 0
0.323076923076923 -0.1421052631578947 0
0.323076923076923 -0.1157894736842105 0
0.3230769230769232 -0.08947368421052632 0
0.323076923076923 -0.06315789473684212 0
0.323076923076923 -0.0368421052631579 0
0.3230769230769231 -0.01052631578947365 0
0.323076923076923 0.01578947368421051 0
0.323076923076923 0.04210526315789469 0
0.323076923076923 0.06842105263157894 0
0.323076923076923 0.09473684210526317 0
0.323076923076923 0.1210526315789474 0
0.3230769230769231 0.1473684210526315 0
0.323076923076923 0.1736842105263158 0
0.3487179487179487 -0.2736842105263158 0
0.3487179487179486 -0.2473684210526316 0
0.3487179487179489 -0.2210526315789473 0
0.3487179487179487 -0.1947368421052632 0
0.3487179487179487 -0.1684210526315789 0
0.3487179487179487 -0.1421052631578947 0
0.3487179487179488 -0.1157894736842105 0
0.3487179487179487 -0.08947368421052632 0
0.3487179487179487 -0.06315789473684212 0
0.3487179487179487 -0.03684210526315791 0
0.3487179487179488 -0.01052631578947366 0
0.3487179487179487 0.01578947368421053 0
0.3487179487179486 0.04210526315789469 0
0.3487179487179487 0.06842105263157894 0
0.3487179487179487 0.09473684210526317 0
0.3487179487179488 0.1210526315789474 0
0.3487179487179486 0.1473684210526315 0
0.3487179487179487 0.1736842105263158 0
0.3743589743589745 -0.2736842105263158 0
0.3743589743589744 -0.2473684210526316 0
0.3743589743589743 -0.2210526315789473 0
0.3743589743589743 -0.1947368421052632 0
0.3743589743589744 -0.1684210526315789 0
0.3743589743589744 -0.1421052631578947 0
0.3743589743589745 -0.1157894736842105 0
0.3743589743589744 -0.08947368421052633 0
0.3743589743589744 -0.06315789473684212 0
0.3743589743589744 -0.03684210526315791 0
0.3743589743589744 -0.01052631578947367 0
0.3743589743589744 0.01578947368421051 0
0.3743589743589744 0.04210526315789471 0
0.3743589743589744 0.06842105263157894 0
0.3743589743589743 0.09473684210526317 0
0.3743589743589744 0.1210526315789474 0
0.3743589743589743 0.1473684210526315 0
0.3743589743589744 0.1736842105263158 0
$EndNodes
$Elements
9 1602 1 1602
0 1 15 1
1 1 
0 2 15 1
2 2 
0 3 15 1
3 3 
0 4 15 1
4 4 
1 1 1 39
5 1 5 
6 5 6 
7 6 7 
8 7 8 
9 8 9 
10 9 10 
11 10 11 
12 11 12 
13 12 13 
14 13 14 
15 14 15 
16 15 16 
17 16 17 
18 17 18 
19 18 19 
20 19 20 
21 20 21 
22 21 22 
23 22 23 
24 23 24 
25 24 25 
26 25 26 
27 26 27 
28 27 28 
29 28 29 
30 29 30 
31 30 31 
32 31 32 
33 32 33 
34 33 34 
35 34 35 
36 35 36 
37 36 37 
38 37 38 
39 38 39 
40 39 40 
41 40 41 
42 41 42 
43 42 2 
1 2 1 19
44 2 43 
45 43 44 
46 44 45 
47 45 46 
48 46 47 
49 47 48 
50 48 49 
51 49 50 
52 50 51 
53 51 52 
54 52 53 
55 53 54 
56 54 55 
57 55 56 
58 56 57 
59 57 58 
60 58 59 
61 59 60 
62 60 3 
1 3 1 39
63 3 61 
64 61 62 
65 62 63 
66 63 64 
67 64 65 
68 65 66 
69 66 67 
70 67 68 
71 68 69 
72 69 70 
73 70 71 
74 71 72 
75 72 73 
76 73 74 
77 74 75 
78 75 76 
79 76 77 
80 77 78 
81 78 79 
82 79 80 
83 80 81 
84 81 82 
85 82 83 
86 83 84 
87 84 85 
88 85 86 
89 86 87 
90 87 88 
91 88 89 
92 89 90 
93 90 91 
94 91 92 
95 92 93 
96 93 94 
97 94 95 
98 95 96 
99 96 97 
100 97 98 
101 98 4 
1 4 1 19
102 4 99 
103 99 100 
104 100 101 
105 101 102 
106 102 103 
107 103 104 
108 104 105 
109 105 106 
110 106 107 
111 107 108 
112 108 109 
113 109 110 
114 110 111 
115 111 112 
116 112 113 
117 113 114 
118 114 115 
119 115 116 
120 116 1 
2 1 2 1482
121 1 5 116 
122 116 5 117 
123 116 117 115 
124 115 117 118 
125 115 118 114 
126 114 118 119 
127 114 119 113 
128 113 119 120 
129 113 120 112 
130 112 120 121 
131 112 121 111 
132 111 121 122 
133 111 122 110 
134 110 122 123 
135 110 123 109 
136 109 123 124 
137 109 124 108 
138 108 124 125 
139 108 125 107 
140 107 125 126 
141 107 126 106 
142 106 126 127 
143 106 127 105 
144 105 127 128 
145 105 128 104 
146 104 128 129 
147 104 129 103 
148 103 129 130 
149 103 130 102 
150 102 130 131 
151 102 131 101 
152 101 131 132 
153 101 132 100 
154 100 132 133 
155 100 133 99 
156 99 133 134 
157 99 134 4 
158 4 134 98 
159 5 6 117 
160 117 6 135 
161 117 135 118 
162 118 135 136 
163 118 136 119 
164 119 136 137 
165 119 137 120 
166 120 137 138 
167 120 138 121 
168 121 138 139 
169 121 139 122 
170 122 139 140 
171 122 140 123 
172 123 140 141 
173 123 141 124 
174 124 141 142 
175 124 142 125 
176 125 142 143 
177 125 143 126 
178 126 143 144 
179 126 144 127 
180 127 144 145 
181 127 145 128 
182 128 145 146 
183 128 146 129 
184 129 146 147 
185 129 147 130 
186 130 147 148 
187 130 148 131 
188 131 148 149 
189 131 149 132 
190 132 149 150 
191 132 150 133 
192 133 150 151 
193 133 151 134 
194 134 151 152 
195 134 152 98 
196 98 152 97 
197 6 7 135 
198 135 7 153 
199 135 153 136 
200 136 153 154 
201 136 154 137 
202 137 154 155 
203 137 155 138 
204 138 155 156 
205 138 156 139 
206 139 156 157 
207 139 157 140 
208 140 157 158 
209 140 158 141 
210 141 158 159 
211 141 159 142 
212 142 159 160 
213 142 160 143 
214 143 160 161 
215 143 161 144 
216 144 161 162 
217 144 162 145 
218 145 162 163 
219 145 163 146 
220 146 163 164 
221 146 164 147 
222 147 164 165 
223 147 165 148 
224 148 165 166 
225 148 166 149 
226 149 166 167 
227 149 167 150 
228 150 167 168 
229 150 168 151 
230 151 168 169 
231 151 169 152 
232 152 169 170 
233 152 170 97 
234 97 170 96 
235 7 8 153 
236 153 8 171 
237 153 171 154 
238 154 171 172 
239 154 172 155 
240 155 172 173 
241 155 173 156 
242 156 173 174 
243 156 174 157 
244 157 174 175 
245 157 175 158 
246 158 175 176 
247 158 176 159 
248 159 176 177 
249 159 177 160 
250 160 177 178 
251 160 178 161 
252 161 178 179 
253 161 179 162 
254 162 179 180 
255 162 180 163 
256 163 180 181 
257 163 181 164 
258 164 181 182 
259 164 182 165 
260 165 182 183 
261 165 183 166 
262 166 183 184 
263 166 184 167 
264 167 184 185 
265 167 185 168 
266 168 185 186 
267 168 186 169 
268 169 186 187 
269 169 187 170 
270 170 187 188 
271 170 188 96 
272 96 188 95 
273 8 9 171 
274 171 9 189 
275 171 189 172 
276 172 189 190 
277 172 190 173 
278 173 190 191 
279 173 191 174 
280 174 191 192 
281 174 192 175 
282 175 192 193 
283 175 193 176 
284 176 193 194 
285 176 194 177 
286 177 194 195 
287 177 195 178 
288 178 195 196 
289 178 196 179 
290 179 196 197 
291 179 197 180 
292 180 197 198 
293 180 198 181 
294 181 198 199 
295 181 199 182 
296 182 199 200 
297 182 200 183 
298 183 200 201 
299 183 201 184 
300 184 201 202 
301 184 202 185 
302 185 202 203 
303 185 203 186 
304 186 203 204 
305 186 204 187 
306 187 204 205 
307 187 205 188 
308 188 205 206 
309 188 206 95 
310 95 206 94 
311 9 10 189 
312 189 10 207 
313 189 207 190 
314 190 207 208 
315 190 208 191 
316 191 208 209 
317 191 209 192 
318 192 209 210 
319 192 210 193 
320 193 210 211 
321 193 211 194 
322 194 211 212 
323 194 212 195 
324 195 212 213 
325 195 213 196 
326 196 213 214 
327 196 214 197 
328 197 214 215 
329 197 215 198 
330 198 215 216 
331 198 216 199 
332 199 216 217 
333 199 217 200 
334 200 217 218 
335 200 218 201 
336 201 218 219 
337 201 219 202 
338 202 219 220 
339 202 220 203 
340 203 220 221 
341 203 221 204 
342 204 221 222 
343 204 222 205 
344 205 222 223 
345 205 223 206 
346 206 223 224 
347 206 224 94 
348 94 224 93 
349 10 11 207 
350 207 11 225 
351 207 225 208 
352 208 225 226 
353 208 226 209 
354 209 226 227 
355 209 227 210 
356 210 227 228 
357 210 228 211 
358 211 228 229 
359 211 229 212 
360 212 229 230 
361 212 230 213 
362 213 230 231 
363 213 231 214 
364 214 231 232 
365 214 232 215 
366 215 232 233 
367 215 233 216 
368 216 233 234 
369 216 234 217 
370 217 234 235 
371 217 235 218 
372 218 235 236 
373 218 236 219 
374 219 236 237 
375 219 237 220 
376 220 237 238 
377 220 238 221 
378 221 238 239 
379 221 239 222 
380 222 239 240 
381 222 240 223 
382 223 240 241 
383 223 241 224 
384 224 241 242 
385 224 242 93 
386 93 242 92 
387 11 12 225 
388 225 12 243 
389 225 243 226 
390 226 243 244 
391 226 244 227 
392 227 244 245 
393 227 245 228 
394 228 245 246 
395 228 246 229 
396 229 246 247 
397 229 247 230 
398 230 247 248 
399 230 248 231 
400 231 248 249 
401 231 249 232 
402 232 249 250 
403 232 250 233 
404 233 250 251 
405 233 251 234 
406 234 251 252 
407 234 252 235 
408 235 252 253 
409 235 253 236 
410 236 253 254 
411 236 254 237 
412 237 254 255 
413 237 255 238 
414 238 255 256 
415 238 256 239 
416 239 256 257 
417 239 257 240 
418 240 257 258 
419 240 258 241 
420 241 258 259 
421 241 259 242 
422 242 259 260 
423 242 260 92 
424 92 260 91 
425 12 13 243 
426 243 13 261 
427 243 261 244 
428 244 261 262 
429 244 262 245 
430 245 262 263 
431 245 263 246 
432 246 263 264 
433 246 264 247 
434 247 264 265 
435 247 265 248 
436 248 265 266 
437 248 266 249 
438 249 266 267 
439 249 267 250 
440 250 267 268 
441 250 268 251 
442 251 268 269 
443 251 269 252 
444 252 269 270 
445 252 270 253 
446 253 270 271 
447 253 271 254 
448 254 271 272 
449 254 272 255 
450 255 272 273 
451 255 273 256 
452 256 273 274 
453 256 274 257 
454 257 274 275 
455 257 275 258 
456 258 275 276 
457 258 276 259 
458 259 276 277 
459 259 277 260 
460 260 277 278 
461 260 278 91 
462 91 278 90 
463 13 14 261 
464 261 14 279 
465 261 279 262 
466 262 279 280 
467 262 280 263 
468 263 280 281 
469 263 281 264 
470 264 281 282 
471 264 282 265 
472 265 282 283 
473 265 283 266 
474 266 283 284 
475 266 284 267 
476 267 284 285 
477 267 285 268 
478 268 285 286 
479 268 286 269 
480 269 286 287 
481 269 287 270 
482 270 287 288 
483 270 288 271 
484 271 288 289 
485 271 289 272 
486 272 289 290 
487 272 290 273 
488 273 290 291 
489 273 291 274 
490 274 291 292 
491 274 292 275 
492 275 292 293 
493 275 293 276 
494 276 293 294 
495 276 294 277 
496 277 294 295 
497 277 295 278 
498 278 295 296 
499 278 296 90 
500 90 296 89 
501 14 15 279 
502 279 15 297 
503 279 297 280 
504 280 297 298 
505 280 298 281 
506 281 298 299 
507 281 299 282 
508 282 299 300 
509 282 300 283 
510 283 300 301 
511 283 301 284 
512 284 301 302 
513 284 302 285 
514 285 302 303 
515 285 303 286 
516 286 303 304 
517 286 304 287 
518 287 304 305 
519 287 305 288 
520 288 305 306 
521 288 306 289 
522 289 306 307 
523 289 307 290 
524 290 307 308 
525 290 308 291 
526 291 308 309 
527 291 309 292 
528 292 309 310 
529 292 310 293 
530 293 310 311 
531 293 311 294 
532 294 311 312 
533 294 312 295 
534 295 312 313 
535 295 313 296 
536 296 313 314 
537 296 314 89 
538 89 314 88 
539 15 16 297 
540 297 16 315 
541 297 315 298 
542 298 315 316 
543 298 316 299 
544 299 316 317 
545 299 317 300 
546 300 317 318 
547 300 318 301 
548 301 318 319 
549 301 319 302 
550 302 319 320 
551 302 320 303 
552 303 320 321 
553 303 321 304 
554 304 321 322 
555 304 322 305 
556 305 322 323 
557 305 323 306 
558 306 323 324 
559 306 324 307 
560 307 324 325 
561 307 325 308 
562 308 325 326 
563 308 326 309 
564 309 326 327 
565 309 327 310 
566 310 327 328 
567 310 328 311 
568 311 328 329 
569 311 329 312 
570 312 329 330 
571 312 330 313 
572 313 330 331 
573 313 331 314 
574 314 331 332 
575 314 332 88 
576 88 332 87 
577 16 17 315 
578 315 17 333 
579 315 333 316 
580 316 333 334 
581 316 334 317 
582 317 334 335 
583 317 335 318 
584 318 335 336 
585 318 336 319 
586 319 336 337 
587 319 337 320 
588 320 337 338 
589 320 338 321 
590 321 338 339 
591 321 339 322 
592 322 339 340 
593 322 340 323 
594 323 340 341 
595 323 341 324 
596 324 341 342 
597 324 342 325 
598 325 342 343 
599 325 343 326 
600 326 343 344 
601 326 344 327 
602 327 344 345 
603 327 345 328 
604 328 345 346 
605 328 346 329 
606 329 346 347 
607 329 347 330 
608 330 347 348 
609 330 348 331 
610 331 348 349 
611 331 349 332 
612 332 349 350 
613 332 350 87 
614 87 350 86 
615 17 18 333 
616 333 18 351 
617 333 351 334 
618 334 351 352 
619 334 352 335 
620 335 352 353 
621 335 353 336 
622 336 353 354 
623 336 354 337 
624 337 354 355 
625 337 355 338 
626 338 355 356 
627 338 356 339 
628 339 356 357 
629 339 357 340 
630 340 357 358 
631 340 358 341 
632 341 358 359 
633 341 359 342 
634 342 359 360 
635 342 360 343 
636 343 360 361 
637 343 361 344 
638 344 361 362 
639 344 362 345 
640 345 362 363 
641 345 363 346 
642 346 363 364 
643 346 364 347 
644 347 364 365 
645 347 365 348 
646 348 365 366 
647 348 366 349 
648 349 366 367 
649 349 367 350 
650 350 367 368 
651 350 368 86 
652 86 368 85 
653 18 19 351 
654 351 19 369 
655 351 369 352 
656 352 369 370 
657 352 370 353 
658 353 370 371 
659 353 371 354 
660 354 371 372 
661 354 372 355 
662 355 372 373 
663 355 373 356 
664 356 373 374 
665 356 374 357 
666 357 374 375 
667 357 375 358 
668 358 375 376 
669 358 376 359 
670 359 376 377 
671 359 377 360 
672 360 377 378 
673 360 378 361 
674 361 378 379 
675 361 379 362 
676 362 379 380 
677 362 380 363 
678 363 380 381 
679 363 381 364 
680 364 381 382 
681 364 382 365 
682 365 382 383 
683 365 383 366 
684 366 383 384 
685 366 384 367 
686 367 384 385 
687 367 385 368 
688 368 385 386 
689 368 386 85 
690 85 386 84 
691 19 20 369 
692 369 20 387 
693 369 387 370 
694 370 387 388 
695 370 388 371 
696 371 388 389 
697 371 389 372 
698 372 389 390 
699 372 390 373 
700 373 390 391 
701 373 391 374 
702 374 391 392 
703 374 392 375 
704 375 392 393 
705 375 393 376 
706 376 393 394 
707 376 394 377 
708 377 394 395 
709 377 395 378 
710 378 395 396 
711 378 396 379 
712 379 396 397 
713 379 397 380 
714 380 397 398 
715 380 398 381 
716 381 398 399 
717 381 399 382 
718 382 399 400 
719 382 400 383 
720 383 400 401 
721 383 401 384 
722 384 401 402 
723 384 402 385 
724 385 402 403 
725 385 403 386 
726 386 403 404 
727 386 404 84 
728 84 404 83 
729 20 21 387 
730 387 21 405 
731 387 405 388 
732 388 405 406 
733 388 406 389 
734 389 406 407 
735 389 407 390 
736 390 407 408 
737 390 408 391 
738 391 408 409 
739 391 409 392 
740 392 409 410 
741 392 410 393 
742 393 410 411 
743 393 411 394 
744 394 411 412 
745 394 412 395 
746 395 412 413 
747 395 413 396 
748 396 413 414 
749 396 414 397 
750 397 414 415 
751 397 415 398 
752 398 415 416 
753 398 416 399 
754 399 416 417 
755 399 417 400 
756 400 417 418 
757 400 418 401 
758 401 418 419 
759 401 419 402 
760 402 419 420 
761 402 420 403 
762 403 420 421 
763 403 421 404 
764 404 421 422 
765 404 422 83 
766 83 422 82 
767 21 22 405 
768 405 22 423 
769 405 423 406 
770 406 423 424 
771 406 424 407 
772 407 424 425 
773 407 425 408 
774 408 425 426 
775 408 426 409 
776 409 426 427 
777 409 427 410 
778 410 427 428 
779 410 428 411 
780 411 428 429 
781 411 429 412 
782 412 429 430 
783 412 430 413 
784 413 430 431 
785 413 431 414 
786 414 431 432 
787 414 432 415 
788 415 432 433 
789 415 433 416 
790 416 433 434 
791 416 434 417 
792 417 434 435 
793 417 435 418 
794 418 435 436 
795 418 436 419 
796 419 436 437 
797 419 437 420 
798 420 437 438 
799 420 438 421 
800 421 438 439 
801 421 439 422 
802 422 439 440 
803 422 440 82 
804 82 440 81 
805 22 23 423 
806 423 23 441 
807 423 441 424 
808 424 441 442 
809 424 442 425 
810 425 442 443 
811 425 443 426 
812 426 443 444 
813 426 444 427 
814 427 444 445 
815 427 445 428 
816 428 445 446 
817 428 446 429 
818 429 446 447 
819 429 447 430 
820 430 447 448 
821 430 448 431 
822 431 448 449 
823 431 449 432 
824 432 449 450 
825 432 450 433 
826 433 450 451 
827 433 451 434 
828 434 451 452 
829 434 452 435 
830 435 452 453 
831 435 453 436 
832 436 453 454 
833 436 454 437 
834 437 454 455 
835 437 455 438 
836 438 455 456 
837 438 456 439 
838 439 456 457 
839 439 457 440 
840 440 457 458 
841 440 458 81 
842 81 458 80 
843 23 24 441 
844 441 24 459 
845 441 459 442 
846 442 459 460 
847 442 460 443 
848 443 460 461 
849 443 461 444 
850 444 461 462 
851 444 462 445 
852 445 462 463 
853 445 463 446 
854 446 463 464 
855 446 464 447 
856 447 464 465 
857 447 465 448 
858 448 465 466 
859 448 466 449 
860 449 466 467 
861 449 467 450 
862 450 467 468 
863 450 468 451 
864 451 468 469 
865 451 469 452 
866 452 469 470 
867 452 470 453 
868 453 470 471 
869 453 471 454 
870 454 471 472 
871 454 472 455 
872 455 472 473 
873 455 473 456 
874 456 473 474 
875 456 474 457 
876 457 474 475 
877 457 475 458 
878 458 475 476 
879 458 476 80 
880 80 476 79 
881 24 25 459 
882 459 25 477 
883 459 477 460 
884 460 477 478 
885 460 478 461 
886 461 478 479 
887 461 479 462 
888 462 479 480 
889 462 480 463 
890 463 480 481 
891 463 481 464 
892 464 481 482 
893 464 482 465 
894 465 482 483 
895 465 483 466 
896 466 483 484 
897 466 484 467 
898 467 484 485 
899 467 485 468 
900 468 485 486 
901 468 486 469 
902 469 486 487 
903 469 487 470 
904 470 487 488 
905 470 488 471 
906 471 488 489 
907 471 489 472 
908 472 489 490 
909 472 490 473 
910 473 490 491 
911 473 491 474 
912 474 491 492 
913 474 492 475 
914 475 492 493 
915 475 493 476 
916 476 493 494 
917 476 494 79 
918 79 494 78 
919 25 26 477 
920 477 26 495 
921 477 495 478 
922 478 495 496 
923 478 496 479 
924 479 496 497 
925 479 497 480 
926 480 497 498 
927 480 498 481 
928 481 498 499 
929 481 499 482 
930 482 499 500 
931 482 500 483 
932 483 500 501 
933 483 501 484 
934 484 501 502 
935 484 502 485 
936 485 502 503 
937 485 503 486 
938 486 503 504 
939 486 504 487 
940 487 504 505 
941 487 505 488 
942 488 505 506 
943 488 506 489 
944 489 506 507 
945 489 507 490 
946 490 507 508 
947 490 508 491 
948 491 508 509 
949 491 509 492 
950 492 509 510 
951 492 510 493 
952 493 510 511 
953 493 511 494 
954 494 511 512 
955 494 512 78 
956 78 512 77 
957 26 27 495 
958 495 27 513 
959 495 513 496 
960 496 513 514 
961 496 514 497 
962 497 514 515 
963 497 515 498 
964 498 515 516 
965 498 516 499 
966 499 516 517 
967 499 517 500 
968 500 517 518 
969 500 518 501 
970 501 518 519 
971 501 519 502 
972 502 519 520 
973 502 520 503 
974 503 520 521 
975 503 521 504 
976 504 521 522 
977 504 522 505 
978 505 522 523 
979 505 523 506 
980 506 523 524 
981 506 524 507 
982 507 524 525 
983 507 525 508 
984 508 525 526 
985 508 526 509 
986 509 526 527 
987 509 527 510 
988 510 527 528 
989 510 528 511 
990 511 528 529 
991 511 529 512 
992 512 529 530 
993 512 530 77 
994 77 530 76 
995 27 28 513 
996 513 28 531 
997 513 531 514 
998 514 531 532 
999 514 532 515 
1000 515 532 533 
1001 515 533 516 
1002 516 533 534 
1003 516 534 517 
1004 517 534 535 
1005 517 535 518 
1006 518 535 536 
1007 518 536 519 
1008 519 536 537 
1009 519 537 520 
1010 520 537 538 
1011 520 538 521 
1012 521 538 539 
1013 521 539 522 
1014 522 539 540 
1015 522 540 523 
1016 523 540 541 
1017 523 541 524 
1018 524 541 542 
1019 524 542 525 
1020 525 542 543 
1021 525 543 526 
1022 526 543 544 
1023 526 544 527 
1024 527 544 545 
1025 527 545 528 
1026 528 545 546 
1027 528 546 529 
1028 529 546 547 
1029 529 547 530 
1030 530 547 548 
1031 530 548 76 
1032 76 548 75 
1033 28 29 531 
1034 531 29 549 
1035 531 549 532 
1036 532 549 550 
1037 532 550 533 
1038 533 550 551 
1039 533 551 534 
1040 534 551 552 
1041 534 552 535 
1042 535 552 553 
1043 535 553 536 
1044 536 553 554 
1045 536 554 537 
1046 537 554 555 
1047 537 555 538 
1048 538 555 556 
1049 538 556 539 
1050 539 556 557 
1051 539 557 540 
1052 540 557 558 
1053 540 558 541 
1054 541 558 559 
1055 541 559 542 
1056 542 559 560 
1057 542 560 543 
1058 543 560 561 
1059 543 561 544 
1060 544 561 562 
1061 544 562 545 
1062 545 562 563 
1063 545 563 546 
1064 546 563 564 
1065 546 564 547 
1066 547 564 565 
1067 547 565 548 
1068 548 565 566 
1069 548 566 75 
1070 75 566 74 
1071 29 30 549 
1072 549 30 567 
1073 549 567 550 
1074 550 567 568 
1075 550 568 551 
1076 551 568 569 
1077 551 569 552 
1078 552 569 570 
1079 552 570 553 
1080 553 570 571 
1081 553 571 554 
1082 554 571 572 
1083 554 572 555 
1084 555 572 573 
1085 555 573 556 
1086 556 573 574 
1087 556 574 557 
1088 557 574 575 
1089 557 575 558 
1090 558 575 576 
1091 558 576 559 
1092 559 576 577 
1093 559 577 560 
1094 560 577 578 
1095 560 578 561 
1096 561 578 579 
1097 561 579 562 
1098 562 579 580 
1099 562 580 563 
1100 563 580 581 
1101 563 581 564 
1102 564 581 582 
1103 564 582 565 
1104 565 582 583 
1105 565 583 566 
1106 566 583 584 
1107 566 584 74 
1108 74 584 73 
1109 30 31 567 
1110 567 31 585 
1111 567 585 568 
1112 568 585 586 
1113 568 586 569 
1114 569 586 587 
1115 569 587 570 
1116 570 587 588 
1117 570 588 571 
1118 571 588 589 
1119 571 589 572 
1120 572 589 590 
1121 572 590 573 
1122 573 590 591 
1123 573 591 574 
1124 574 591 592 
1125 574 592 575 
1126 575 592 593 
1127 575 593 576 
1128 576 593 594 
1129 576 594 577 
1130 577 594 595 
1131 577 595 578 
1132 578 595 596 
1133 578 596 579 
1134 579 596 597 
1135 579 597 580 
1136 580 597 598 
1137 580 598 581 
1138 581 598 599 
1139 581 599 582 
1140 582 599 600 
1141 582 600 583 
1142 583 600 601 
1143 583 601 584 
1144 584 601 602 
1145 584 602 73 
1146 73 602 72 
1147 31 32 585 
1148 585 32 603 
1149 585 603 586 
1150 586 603 604 
1151 586 604 587 
1152 587 604 605 
1153 587 605 588 
1154 588 605 606 
1155 588 606 589 
1156 589 606 607 
1157 589 607 590 
1158 590 607 608 
1159 590 608 591 
1160 591 608 609 
1161 591 609 592 
1162 592 609 610 
1163 592 610 593 
1164 593 610 611 
1165 593 611 594 
1166 594 611 612 
1167 594 612 595 
1168 595 612 613 
1169 595 613 596 
1170 596 613 614 
1171 596 614 597 
1172 597 614 615 
1173 597 615 598 
1174 598 615 616 
1175 598 616 599 
1176 599 616 617 
1177 599 617 600 
1178 600 617 618 
1179 600 618 601 
1180 601 618 619 
1181 601 619 602 
1182 602 619 620 
1183 602 620 72 
1184 72 620 71 
1185 32 33 603 
1186 603 33 621 
1187 603 621 604 
1188 604 621 622 
1189 604 622 605 
1190 605 622 623 
1191 605 623 606 
1192 606 623 624 
1193 606 624 607 
1194 607 624 625 
1195 607 625 608 
1196 608 625 626 
1197 608 626 609 
1198 609 626 627 
1199 609 627 610 
1200 610 627 628 
1201 610 628 611 
1202 611 628 629 
1203 611 629 612 
1204 612 629 630 
1205 612 630 613 
1206 613 630 631 
1207 613 631 614 
1208 614 631 632 
1209 614 632 615 
1210 615 632 633 
1211 615 633 616 
1212 616 633 634 
1213 616 634 617 
1214 617 634 635 
1215 617 635 618 
1216 618 635 636 
1217 618 636 619 
1218 619 636 637 
1219 619 637 620 
1220 620 637 638 
1221 620 638 71 
1222 71 638 70 
1223 33 34 621 
1224 621 34 639 
1225 621 639 622 
1226 622 639 640 
1227 622 640 623 
1228 623 640 641 
1229 623 641 624 
1230 624 641 642 
1231 624 642 625 
1232 625 642 643 
1233 625 643 626 
1234 626 643 644 
1235 626 644 627 
1236 627 644 645 
1237 627 645 628 
1238 628 645 646 
1239 628 646 629 
1240 629 646 647 
1241 629 647 630 
1242 630 647 648 
1243 630 648 631 
1244 631 648 649 
1245 631 649 632 
1246 632 649 650 
1247 632 650 633 
1248 633 650 651 
1249 633 651 634 
1250 634 651 652 
1251 634 652 635 
1252 635 652 653 
1253 635 653 636 
1254 636 653 654 
1255 636 654 637 
1256 637 654 655 
1257 637 655 638 
1258 638 655 656 
1259 638 656 70 
1260 70 656 69 
1261 34 35 639 
1262 639 35 657 
1263 639 657 640 
1264 640 657 658 
1265 640 658 641 
1266 641 658 659 
1267 641 659 642 
1268 642 659 660 
1269 642 660 643 
1270 643 660 661 
1271 643 661 644 
1272 644 661 662 
1273 644 662 645 
1274 645 662 663 
1275 645 663 646 
1276 646 663 664 
1277 646 664 647 
1278 647 664 665 
1279 647 665 648 
1280 648 665 666 
1281 648 666 649 
1282 649 666 667 
1283 649 667 650 
1284 650 667 668 
1285 650 668 651 
1286 651 668 669 
1287 651 669 652 
1288 652 669 670 
1289 652 670 653 
1290 653 670 671 
1291 653 671 654 
1292 654 671 672 
1293 654 672 655 
1294 655 672 673 
1295 655 673 656 
1296 656 673 674 
1297 656 674 69 
1298 69 674 68 
1299 35 36 657 
1300 657 36 675 
1301 657 675 658 
1302 658 675 676 
1303 658 676 659 
1304 659 676 677 
1305 659 677 660 
1306 660 677 678 
1307 660 678 661 
1308 661 678 679 
1309 661 679 662 
1310 662 679 680 
1311 662 680 663 
1312 663 680 681 
1313 663 681 664 
1314 664 681 682 
1315 664 682 665 
1316 665 682 683 
1317 665 683 666 
1318 666 683 684 
1319 666 684 667 
1320 667 684 685 
1321 667 685 668 
1322 668 685 686 
1323 668 686 669 
1324 669 686 687 
1325 669 687 670 
1326 670 687 688 
1327 670 688 671 
1328 671 688 689 
1329 671 689 672 
1330 672 689 690 
1331 672 690 673 
1332 673 690 691 
1333 673 691 674 
1334 674 691 692 
1335 674 692 68 
1336 68 692 67 
1337 36 37 675 
1338 675 37 693 
1339 675 693 676 
1340 676 693 694 
1341 676 694 677 
1342 677 694 695 
1343 677 695 678 
1344 678 695 696 
1345 678 696 679 
1346 679 696 697 
1347 679 697 680 
1348 680 697 698 
1349 680 698 681 
1350 681 698 699 
1351 681 699 682 
1352 682 699 700 
1353 682 700 683 
1354 683 700 701 
1355 683 701 684 
1356 684 701 702 
1357 684 702 685 
1358 685 702 703 
1359 685 703 686 
1360 686 703 704 
1361 686 704 687 
1362 687 704 705 
1363 687 705 688 
1364 688 705 706 
1365 688 706 689 
1366 689 706 707 
1367 689 707 690 
1368 690 707 708 
1369 690 708 691 
1370 691 708 709 
1371 691 709 692 
1372 692 709 710 
1373 692 710 67 
1374 67 710 66 
1375 37 38 693 
1376 693 38 711 
1377 693 711 694 
1378 694 711 712 
1379 694 712 695 
1380 695 712 713 
1381 695 713 696 
1382 696 713 714 
1383 696 714 697 
1384 697 714 715 
1385 697 715 698 
1386 698 715 716 
1387 698 716 699 
1388 699 716 717 
1389 699 717 700 
1390 700 717 718 
1391 700 718 701 
1392 701 718 719 
1393 701 719 702 
1394 702 719 720 
1395 702 720 703 
1396 703 720 721 
1397 703 721 704 
1398 704 721 722 
1399 704 722 705 
1400 705 722 723 
1401 705 723 706 
1402 706 723 724 
1403 706 724 707 
1404 707 724 725 
1405 707 725 708 
1406 708 725 726 
1407 708 726 709 
1408 709 726 727 
1409 709 727 710 
1410 710 727 728 
1411 710 728 66 
1412 66 728 65 
1413 38 39 711 
1414 711 39 729 
1415 711 729 712 
1416 712 729 730 
1417 712 730 713 
1418 713 730 731 
1419 713 731 714 
1420 714 731 732 
1421 714 732 715 
1422 715 732 733 
1423 715 733 716 
1424 716 733 734 
1425 716 734 717 
1426 717 734 735 
1427 717 735 718 
1428 718 735 736 
1429 718 736 719 
1430 719 736 737 
1431 719 737 720 
1432 720 737 738 
1433 720 738 721 
1434 721 738 739 
1435 721 739 722 
1436 722 739 740 
1437 722 740 723 
1438 723 740 741 
1439 723 741 724 
1440 724 741 742 
1441 724 742 725 
1442 725 742 743 
1443 725 743 726 
1444 726 743 744 
1445 726 744 727 
1446 727 744 745 
1447 727 745 728 
1448 728 745 746 
1449 728 746 65 
1450 65 746 64 
1451 39 40 729 
1452 729 40 747 
1453 729 747 730 
1454 730 747 748 
1455 730 748 731 
1456 731 748 749 
1457 731 749 732 
1458 732 749 750 
1459 732 750 733 
1460 733 750 751 
1461 733 751 734 
1462 734 751 752 
1463 734 752 735 
1464 735 752 753 
1465 735 753 736 
1466 736 753 754 
1467 736 754 737 
1468 737 754 755 
1469 737 755 738 
1470 738 755 756 
1471 738 756 739 
1472 739 756 757 
1473 739 757 740 
1474 740 757 758 
1475 740 758 741 
1476 741 758 759 
1477 741 759 742 
1478 742 759 760 
1479 742 760 743 
1480 743 760 761 
1481 743 761 744 
1482 744 761 762 
1483 744 762 745 
1484 745 762 763 
1485 745 763 746 
1486 746 763 764 
1487 746 764 64 
1488 64 764 63 
1489 40 41 747 
1490 747 41 765 
1491 747 765 748 
1492 748 765 766 
1493 748 766 749 
1494 749 766 767 
1495 749 767 750 
1496 750 767 768 
1497 750 768 751 
1498 751 768 769 
1499 751 769 752 
1500 752 769 770 
1501 752 770 753 
1502 753 770 771 
1503 753 771 754 
1504 754 771 772 
1505 754 772 755 
1506 755 772 773 
1507 755 773 756 
1508 756 773 774 
1509 756 774 757 
1510 757 774 775 
1511 757 775 758 
1512 758 775 776 
1513 758 776 759 
1514 759 776 777 
1515 759 777 760 
1516 760 777 778 
1517 760 778 761 
1518 761 778 779 
1519 761 779 762 
1520 762 779 780 
1521 762 780 763 
1522 763 780 781 
1523 763 781 764 
1524 764 781 782 
1525 764 782 63 
1526 63 782 62 
1527 41 42 765 
1528 765 42 783 
1529 765 783 766 
1530 766 783 784 
1531 766 784 767 
1532 767 784 785 
1533 767 785 768 
1534 768 785 786 
1535 768 786 769 
1536 769 786 787 
1537 769 787 770 
1538 770 787 788 
1539 770 788 771 
1540 771 788 789 
1541 771 789 772 
1542 772 789 790 
1543 772 790 773 
1544 773 790 791 
1545 773 791 774 
1546 774 791 792 
1547 774 792 775 
1548 775 792 793 
1549 775 793 776 
1550 776 793 794 
1551 776 794 777 
1552 777 794 795 
1553 777 795 778 
1554 778 795 796 
1555 778 796 779 
1556 779 796 797 
1557 779 797 780 
1558 780 797 798 
1559 780 798 781 
1560 781 798 799 
1561 781 799 782 
1562 782 799 800 
1563 782 800 62 
1564 62 800 61 
1565 42 2 783 
1566 783 2 43 
1567 783 43 784 
1568 784 43 44 
1569 784 44 785 
1570 785 44 45 
1571 785 45 786 
1572 786 45 46 
1573 786 46 787 
1574 787 46 47 
1575 787 47 788 
1576 788 47 48 
1577 788 48 789 
1578 789 48 49 
1579 789 49 790 
1580 790 49 50 
1581 790 50 791 
1582 791 50 51 
1583 791 51 792 
1584 792 51 52 
1585 792 52 793 
1586 793 52 53 
1587 793 53 794 
1588 794 53 54 
1589 794 54 795 
1590 795 54 55 
1591 795 55 796 
1592 796 55 56 
1593 796 56 797 
1594 797 56 57 
1595 797 57 798 
1596 798 57 58 
1597 798 58 799 
1598 799 58 59 
1599 799 59 800 
1600 800 59 60 
1601 800 60 61 
1602 61 60 3 
$EndElements
