$MeshFormat
4.1 0 8
$EndMeshFormat
$Entities
6 6 1 0
1 -0.3 0.4 0 0 
2 0.2 0.4 0 0 
3 0.5 0.8 0 0 
4 0.3 1.2 0 0 
5 -0.1 1.2 0 0 
6 -0.4 0.9 0 0 
1 -0.4 0.9 0 -0.1 1.2 0 0 2 5 -6 
2 -0.4 0.4 0 -0.3 0.9 0 0 2 6 -1 
3 -0.3 0.4 0 0.2 0.4 0 0 2 1 -2 
4 0.2 0.4 0 0.5 0.8 0 0 2 2 -3 
5 0.3 0.8 0 0.5 1.2 0 0 2 3 -4 
6 -0.1 1.2 0 0.3 1.2 0 0 2 4 -5 
1 -0.4 0.4 0 0.5 1.2 0 0 6 1 2 3 4 5 6 
$EndEntities
$Nodes
13 1141 1 1141
0 1 0 1
1
-0.3 0.4 0
0 2 0 1
2
0.2 0.4 -0
0 3 0 1
3
0.5 0.8 -0
0 4 0 1
4
0.3 1.2 -0
0 5 0 1
5
-0.1 1.2 0
0 6 0 1
6
-0.4 0.9 0
1 1 0 18
7
8
9
10
11
12
13
14
15
16
17
18
19
20
21
22
23
24
-0.1157894736841085 1.184210526315892 0
-0.1315789473682929 1.168421052631707 0
-0.1473684210524689 1.152631578947531 0
-0.1631578947366116 1.136842105263388 0
-0.1789473684207855 1.121052631579214 0
-0.1947368421049513 1.105263157895049 0
-0.2105263157890975 1.089473684210903 0
-0.2263157894732779 1.073684210526722 0
-0.2421052631574392 1.057894736842561 0
-0.2578947368416535 1.042105263158347 0
-0.2736842105259227 1.026315789474077 0
-0.2894736842101885 1.010526315789811 0
-0.3052631578944574 0.9947368421055427 0
-0.3210526315787238 0.9789473684212763 0
-0.3368421052629861 0.963157894737014 0
-0.3526315789472396 0.9473684210527604 0
-0.3684210526314765 0.9315789473685235 0
-0.3842105263157248 0.9157894736842752 0
1 2 0 18
25
26
27
28
29
30
31
32
33
34
35
36
37
38
39
40
41
42
-0.3947368421053085 0.8736842105265421 0
-0.3894736842106173 0.8473684210530863 0
-0.3842105263159261 0.8210526315796306 0
-0.378947368421235 0.7947368421061748 0
-0.3736842105265438 0.768421052632719 0
-0.3684210526318525 0.7421052631592624 0
-0.3631578947371599 0.7157894736857991 0
-0.3578947368424679 0.6894736842123392 0
-0.3526315789477767 0.6631578947388834 0
-0.3473684210530285 0.6368421052651426 0
-0.3421052631582242 0.6105263157911209 0
-0.3368421052634195 0.5842105263170976 0
-0.3315789473686151 0.5578947368430754 0
-0.3263157894738103 0.5315789473690518 0
-0.321052631579006 0.50526315789503 0
-0.3157894736842454 0.4789473684212271 0
-0.3105263157894967 0.4526315789474838 0
-0.3052631578947486 0.4263157894737429 0
1 3 0 18
43
44
45
46
47
48
49
50
51
52
53
54
55
56
57
58
59
60
-0.2736842105262569 0.4 0
-0.247368421052535 0.4 0
-0.221052631578938 0.4 0
-0.194736842105341 0.4 0
-0.1684210526317441 0.4 0
-0.1421052631581471 0.4 0
-0.1157894736845503 0.4 0
-0.08947368421095334 0.4 0
-0.06315789473735642 0.4 0
-0.03684210526368648 0.4 0
-0.01052631578994351 0.4 0
0.0157894736837994 0.4 0
0.04210526315754237 0.4 0
0.06842105263128528 0.4 0
0.0947368421050282 0.4 0
0.1210526315787712 0.4 0
0.1473684210525141 0.4 0
0.173684210526257 0.4 0
1 4 0 18
61
62
63
64
65
66
67
68
69
70
71
72
73
74
75
76
77
78
0.2157894736841774 0.4210526315789032 0
0.2315789473683587 0.4421052631578116 0
0.2473684210525278 0.4631578947367038 0
0.2631578947366882 0.4842105263155842 0
0.2789473684208484 0.5052631578944646 0
0.2947368421050032 0.5263157894733377 0
0.3105263157891619 0.5473684210522159 0
0.3263157894733368 0.5684210526311159 0
0.3421052631574991 0.5894736842099988 0
0.3578947368417024 0.6105263157889366 0
0.3736842105259668 0.6315789473679558 0
0.3894736842102128 0.6526315789469505 0
0.4052631578944769 0.6736842105259693 0
0.4210526315787415 0.6947368421049886 0
0.4368421052629782 0.7157894736839709 0
0.4526315789472323 0.7368421052629764 0
0.4684210526314904 0.7578947368419873 0
0.4842105263157419 0.7789473684209893 0
1 5 0 18
79
80
81
82
83
84
85
86
87
88
89
90
91
92
93
94
95
96
0.4894736842105588 0.8210526315788825 0
0.4789473684210991 0.8421052631578018 0
0.4684210526316372 0.8631578947367256 0
0.4578947368422003 0.8842105263155994 0
0.447368421052759 0.905263157894482 0
0.4368421052633178 0.9263157894733645 0
0.4263157894738765 0.9473684210522471 0
0.4157894736844352 0.9684210526311297 0
0.4052631578949798 0.9894736842100404 0
0.3947368421055093 1.010526315788981 0
0.3842105263160031 1.031578947367994 0
0.3736842105264992 1.052631578947002 0
0.363157894737002 1.073684210525996 0
0.352631578947492 1.094736842105016 0
0.3421052631580014 1.115789473683997 0
0.331578947368501 1.136842105262998 0
0.3210526315789942 1.157894736842012 0
0.3105263157895036 1.178947368420993 0
1 6 0 18
97
98
99
100
101
102
103
104
105
106
107
108
109
110
111
112
113
114
0.2789473684211068 1.2 0
0.2578947368421485 1.2 0
0.2368421052632576 1.2 0
0.2157894736843724 1.2 0
0.1947368421054872 1.2 0
0.173684210526602 1.2 0
0.1526315789477176 1.2 0
0.1315789473688424 1.2 0
0.1105263157899572 1.2 0
0.08947368421101187 1.2 0
0.06842105263201173 1.2 0
0.04736842105301164 1.2 0
0.02631578947400293 1.2 0
0.005263157895007753 1.2 0
-0.01578947368399441 1.2 0
-0.03684210526299536 1.2 0
-0.05789473684199181 1.2 0
-0.07894736842100136 1.2 0
2 1 0 1027
115
116
117
118
119
120
121
122
123
124
125
126
127
128
129
130
131
132
133
134
135
136
137
138
139
140
141
142
143
144
145
146
147
148
149
150
151
152
153
154
155
156
157
158
159
160
161
162
163
164
165
166
167
168
169
170
171
172
173
174
175
176
177
178
179
180
181
182
183
184
185
186
187
188
189
190
191
192
193
194
195
196
197
198
199
200
201
202
203
204
205
206
207
208
209
210
211
212
213
214
215
216
217
218
219
220
221
222
223
224
225
226
227
228
229
230
231
232
233
234
235
236
237
238
239
240
241
242
243
244
245
246
247
248
249
250
251
252
253
254
255
256
257
258
259
260
261
262
263
264
265
266
267
268
269
270
271
272
273
274
275
276
277
278
279
280
281
282
283
284
285
286
287
288
289
290
291
292
293
294
295
296
297
298
299
300
301
302
303
304
305
306
307
308
309
310
311
312
313
314
315
316
317
318
319
320
321
322
323
324
325
326
327
328
329
330
331
332
333
334
335
336
337
338
339
340
341
342
343
344
345
346
347
348
349
350
351
352
353
354
355
356
357
358
359
360
361
362
363
364
365
366
367
368
369
370
371
372
373
374
375
376
377
378
379
380
381
382
383
384
385
386
387
388
389
390
391
392
393
394
395
396
397
398
399
400
401
402
403
404
405
406
407
408
409
410
411
412
413
414
415
416
417
418
419
420
421
422
423
424
425
426
427
428
429
430
431
432
433
434
435
436
437
438
439
440
441
442
443
444
445
446
447
448
449
450
451
452
453
454
455
456
457
458
459
460
461
462
463
464
465
466
467
468
469
470
471
472
473
474
475
476
477
478
479
480
481
482
483
484
485
486
487
488
489
490
491
492
493
494
495
496
497
498
499
500
501
502
503
504
505
506
507
508
509
510
511
512
513
514
515
516
517
518
519
520
521
522
523
524
525
526
527
528
529
530
531
532
533
534
535
536
537
538
539
540
541
542
543
544
545
546
547
548
549
550
551
552
553
554
555
556
557
558
559
560
561
562
563
564
565
566
567
568
569
570
571
572
573
574
575
576
577
578
579
580
581
582
583
584
585
586
587
588
589
590
591
592
593
594
595
596
597
598
599
600
601
602
603
604
605
606
607
608
609
610
611
612
613
614
615
616
617
618
619
620
621
622
623
624
625
626
627
628
629
630
631
632
633
634
635
636
637
638
639
640
641
642
643
644
645
646
647
648
649
650
651
652
653
654
655
656
657
658
659
660
661
662
663
664
665
666
667
668
669
670
671
672
673
674
675
676
677
678
679
680
681
682
683
684
685
686
687
688
689
690
691
692
693
694
695
696
697
698
699
700
701
702
703
704
705
706
707
708
709
710
711
712
713
714
715
716
717
718
719
720
721
722
723
724
725
726
727
728
729
730
731
732
733
734
735
736
737
738
739
740
741
742
743
744
745
746
747
748
749
750
751
752
753
754
755
756
757
758
759
760
761
762
763
764
765
766
767
768
769
770
771
772
773
774
775
776
777
778
779
780
781
782
783
784
785
786
787
788
789
790
791
792
793
794
795
796
797
798
799
800
801
802
803
804
805
806
807
808
809
810
811
812
813
814
815
816
817
818
819
820
821
822
823
824
825
826
827
828
829
830
831
832
833
834
835
836
837
838
839
840
841
842
843
844
845
846
847
848
849
850
851
852
853
854
855
856
857
858
859
860
861
862
863
864
865
866
867
868
869
870
871
872
873
874
875
876
877
878
879
880
881
882
883
884
885
886
887
888
889
890
891
892
893
894
895
896
897
898
899
900
901
902
903
904
905
906
907
908
909
910
911
912
913
914
915
916
917
918
919
920
921
922
923
924
925
926
927
928
929
930
931
932
933
934
935
936
937
938
939
940
941
942
943
944
945
946
947
948
949
950
951
952
953
954
955
956
957
958
959
960
961
962
963
964
965
966
967
968
969
970
971
972
973
974
975
976
977
978
979
980
981
982
983
984
985
986
987
988
989
990
991
992
993
994
995
996
997
998
999
1000
1001
1002
1003
1004
1005
1006
1007
1008
1009
1010
1011
1012
1013
1014
1015
1016
1017
1018
1019
1020
1021
1022
1023
1024
1025
1026
1027
1028
1029
1030
1031
1032
1033
1034
1035
1036
1037
1038
1039
1040
1041
1042
1043
1044
1045
1046
1047
1048
1049
1050
1051
1052
1053
1054
1055
1056
1057
1058
1059
1060
1061
1062
1063
1064
1065
1066
1067
1068
1069
1070
1071
1072
1073
1074
1075
1076
1077
1078
1079
1080
1081
1082
1083
1084
1085
1086
1087
1088
1089
1090
1091
1092
1093
1094
1095
1096
1097
1098
1099
1100
1101
1102
1103
1104
1105
1106
1107
1108
1109
1110
1111
1112
1113
1114
1115
1116
1117
1118
1119
1120
1121
1122
1123
1124
1125
1126
1127
1128
1129
1130
1131
1132
1133
1134
1135
1136
1137
1138
1139
1140
1141
0.0763387160349729 1.182193163174627 0
-0.2042272030299061 1.067407845215555 0
0.3021947580610949 0.569534541558798 0
0.3817678862363802 0.9908839431175788 0
-0.3383792258290407 0.7070701583088946 0
0.002873027471588617 0.4224773916463951 0
-0.2830160509592854 0.9868651470327779 0
0.3779424255860063 0.677150924238068 0
-0.005842052870550893 1.181287206502219 0
0.1591923560329471 1.18296472525192 0
-0.3169906202121126 0.602270125398926 0
-0.1024499542007439 0.4230375128592766 0
0.3414235365666086 1.075218520337452 0
0.4241388921904999 0.9068553268628003 0
0.1105820745479759 0.4237183284102477 0
-0.14084433243794 1.13109682521445 0
-0.3599405733591924 0.8117630235879361 0
0.2531848814101018 0.508581547944399 0
-0.2980025597613916 0.5187864920809594 0
0.2267614203097167 1.184119019379994 0
0.4264536769688901 0.7382016718951396 0
-0.3323564108801728 0.943234708341274 0
-0.1815783150115248 0.4217490440814914 0
-0.06814350547009561 1.182185656044854 0
0.4554520967625294 0.8435155220653441 0
0.3072486872684483 1.135541631670233 0
0.2059846849260816 0.4448354401752687 0
-0.3465655430648282 0.7623351611954288 0
-0.3663019083088258 0.8654601598942666 0
0.362515565910273 1.031003766942597 0
0.3481028225201053 0.6363560636775791 0
-0.3277860739889005 0.6544367078598049 0
-0.2913793383395306 0.4690507778727402 0
0.0559945100987335 0.4223673556034031 0
-0.2354631591242144 1.034726835623915 0
-0.172579476513056 1.099205993149136 0
-0.0510645505875538 0.4242974240263186 0
0.04082527445519134 1.182988599369635 0
0.1241865141882638 1.183495180745159 0
0.4033030196865061 0.9490225349352556 0
-0.2342313984339075 0.4228197296189074 0
0.2662028267638437 1.182207050792265 0
-0.109854900563995 1.162941368676274 0
0.4574708294568154 0.7795432988290312 0
0.1580817259794286 0.4254660441671328 0
-0.3626417041506604 0.9100101252034597 0
-0.09097682948350028 1.179174205322195 0
-0.08871043639807624 1.157788825281986 0
-0.1035422394438625 1.141828706952501 0
-0.08305299596548338 1.136677806799959 0
-0.09727747027157603 1.120825698379016 0
-0.07667957834083317 1.115686272914661 0
-0.09096236997967873 1.099710458911869 0
-0.07028579666789092 1.094517597544371 0
-0.08455435442413328 1.078440277318834 0
-0.06364508653202901 1.0732005290283 0
-0.07799476032963169 1.056973880207231 0
-0.05590750537947365 1.051975573920656 0
-0.07123152593643745 1.03531727633865 0
-0.05012636801041949 1.029882586544454 0
-0.06453249220021899 1.013479527384601 0
-0.04340086578270104 1.0078228072297 0
-0.05739527148792826 0.9914621136566769 0
-0.0351780993402462 0.9860243346471871 0
-0.05049673831329843 0.9690783005346086 0
-0.02694668660683021 0.9638414731912427 0
-0.04381199120627564 0.9464360247239446 0
-0.0187823489884681 0.9414052805182285 0
-0.03672925072552595 0.9237291546307486 0
-0.01246846189191887 0.9185638328496482 0
-0.02983062992687228 0.9008489017871422 0
-0.005794039177784848 0.8956830500379472 0
-0.02287026983294418 0.8778128276622064 0
0.001309879705102894 0.872618076677334 0
-0.01485060696195757 0.8549258227377603 0
0.008182664480332039 0.8498499079604616 0
-0.005026788851302203 0.8317127668755611 0
0.02538509982550161 0.8676094742906457 0
0.03188488337323077 0.8445684231351458 0
0.04862932440886023 0.8621642330254964 0
0.05545573649510449 0.8386260982301437 0
0.07186104803264803 0.8563816272232847 0
0.07912160116339452 0.8330445804226556 0
0.09575022399131247 0.8509920938359585 0
-0.01119637290128721 0.9810031157175867 0
-0.03586414043889125 0.8601710331956716 0
0.1030006571282508 0.827628493111322 0
0.08636213226216351 0.8095686153055835 0
0.1195982671318054 0.8456359561727075 0
0.112353297100142 0.8689072243452755 0
0.1103763016336589 0.8041279476217 0
0.09363169745155053 0.7859836223453883 0
0.1360740489131606 0.8635919919313243 0
0.1288495992898838 0.8867496849758596 0
0.117839580453944 0.780516179861956 0
0.1009378527692147 0.7622683207612972 0
0.1524455701481546 0.8814479973548379 0
0.1452641409124792 0.9044436035789412 0
-0.06621111092982351 0.9520602589207019 0
0.1252872480975607 0.7567853319961624 0
0.1082777154887506 0.7384420386850752 0
0.1687647100254206 0.8991993405818639 0
0.161526179487969 0.9220695582969102 0
0.1760248065956488 0.8763151007041531 0
0.132695182266501 0.7329378683458592 0
0.1156990811924704 0.7145211815156435 0
0.09121757986557351 0.7200753070001373 0
0.09866065065314374 0.6961351032053533 0
0.07513182318523121 0.7007129208129343 0
0.08188323922916071 0.6775111402856281 0
0.05693945017305699 0.6831853656032717 0
0.06459726019555523 0.6589916511358216 0
0.04073482977466063 0.6636272905969232 0
0.1922956889491553 0.8939941546042685 0
0.1995891187918129 0.8710743217098097 0
-0.0336144834201052 1.046702988607763 0
0.0473517842303107 0.6401678399362428 0
0.02254183706681183 0.6458460743740544 0
0.07218770876460974 0.6346874947878571 0
0.1234782477864257 0.690840843562767 0
0.2158941409391157 0.8887739025373047 0
0.2231789160427891 0.8657000039984222 0
0.01682625003493019 0.6737191192917545 0
-0.002153445680836297 0.6522289869692761 0
-0.01019164829529784 0.6777932242482888 0
-0.02736420427795215 0.6577258156355161 0
-0.03491608382947946 0.6820790174306391 0
-0.05229632036047746 0.66306432432041 0
-0.05981332818355584 0.6875099612268145 0
-0.07724379186209046 0.6687263735871508 0
-0.0857380366094985 0.6938134108738324 0
-0.1024207540689776 0.6745171909702048 0
-0.1115121860765054 0.6995220552515722 0
-0.09469684334531472 0.6498523797016702 0
-0.01972976608706337 0.632984348527974 0
-0.1276462248912668 0.6802373069090432 0
-0.1348955709412881 0.7047473732814814 0
0.05466522884125714 0.615957667619928 0
0.07958039458272662 0.6103020531996725 0
0.2395807620434266 0.883533579485803 0
0.2468553985372066 0.8603837456229387 0
0.2322343046908589 0.9065870429415525 0
0.1382753298377189 0.9273147619442315 0
0.154380174367298 0.9447411125417352 0
0.131363965804452 0.9500091772505408 0
0.147302232786747 0.9672482197225989 0
0.1244257293102865 0.9724473334342669 0
0.1403180343936455 0.9895685975374771 0
0.1630601127127511 0.9844494075353208 0
0.1555450028135751 1.00685088936952 0
0.1331648849725371 1.01183056173375 0
0.1786991061658423 1.001603949160025 0
0.1704431992978667 1.023982569876694 0
-0.1525415446090684 0.6858794880779298 0
-0.1600590858553894 0.7105478111389912 0
-0.1424576511246742 0.7294240041023647 0
-0.1675413423897998 0.7351801890016563 0
-0.1505982271005214 0.7537950894278517 0
-0.1750976261980311 0.7596886688433599 0
-0.1576954000132805 0.7783633735080656 0
-0.1824571181689656 0.7841303662694071 0
-0.1651433598177077 0.8026939798299547 0
-0.1897480346666581 0.8084086900273024 0
-0.1725892884260024 0.8268143928262626 0
-0.1969943267437323 0.8324311357030514 0
-0.1800009884331467 0.8505875872447543 0
0.1940617785767139 1.01864546809833 0
-0.08613982907534658 1.018741775992562 0
0.06214051097835866 0.5914935585142823 0
0.08724084626288731 0.5857979300901137 0
0.1496769001745029 0.7513446955848941 0
0.2633131275778962 0.8782815631983746 0
0.2706623451714237 0.8550368917702924 0
0.1864935803405059 1.040669617547492 0
0.2541024042511036 0.8370370385355873 0
0.2780951359873876 0.8316587608599026 0
0.2613708185199233 0.8134819776565831 0
0.2856943244161863 0.8081261196610654 0
0.2687493388713215 0.7897981220348341 0
-0.2040691625435128 0.8561696507463326 0
-0.1873799958515292 0.8741546585360511 0
0.3022609260667571 0.8264550274742377 0
-0.1851759327065763 0.7163625462803641 0
0.2096092818585044 1.035535088923921 0
-0.2141537718054347 0.8142739666149418 0
0.2027865746751336 1.057323788313072 0
0.1781415504164275 1.062530686138508 0
-0.2110824642618258 0.8796419702282883 0
-0.1946317824005753 0.8973772549793431 0
0.0697822275666167 0.5669038572211348 0
0.09491138510430919 0.5612195104670471 0
0.1124078210642477 0.5801492218693151 0
0.2167676464544101 1.013579174482911 0
-0.134096521679857 0.7734627369022162 0
0.2932679147212008 0.7843837389341825 0
0.2761656551183039 0.7658675516339857 0
0.1200960575716054 0.5555227928570579 0
0.1376162694724276 0.5745250599413518 0
0.1085048593378252 0.9552602430174885 0
-0.163746558609343 0.868881651306742 0
-0.0182985032421775 0.7011811293446801 0
0.04460442270089993 0.5726503254623945 0
0.2251790480425278 1.052338783745169 0
0.05229270352369232 0.5479774559012228 0
0.02706244724337109 0.553715119762837 0
0.2184060683429976 1.074021820282023 0
0.1453343538283589 0.5498210360458078 0
0.1628704634804723 0.5688734319529871 0
-0.218090910210545 0.9027842343010507 0
-0.2016500609381367 0.9202990162481256 0
-0.2345983876486125 0.885154070101637 0
-0.05533177624037884 1.109737899477799 0
0.3007093141374287 0.7604583378535269 0
0.2836878298308571 0.7418683683617977 0
0.2590490691024135 0.7473488797671668 0
0.2667330140532599 0.7239065284809099 0
-0.1485881482096872 0.8216944480709305 0
0.2406247308557539 1.069091572931345 0
0.1015904686455176 0.9776626795522212 0
0.08567511651434989 0.9605486840746582 0
0.0788107907277899 0.9829246947708383 0
-0.1783517962487988 0.9150283729271647 0
-0.1853765415998125 0.9377808790839854 0
-0.06897002140157976 0.7129327708374703 0
0.06374323925639075 0.7229966781218354 0
0.1551565190899549 0.593564590947786 0
0.1803842033202837 0.5879223503684323 0
0.1726645785709825 0.6125589338298478 0
0.1978468938973611 0.6069340479342017 0
0.1901466308002721 0.6315165597995006 0
0.2152772838889783 0.625908461046815 0
0.3178189274001785 0.7790515369942062 0
-0.1999168805371754 0.7655145689288001 0
0.1025443190887184 0.5365556195148633 0
0.1571366554351829 0.7274303269570603 0
0.1434438928264165 0.8403374081098941 0
-0.05352629723367267 0.9062332186474731 0
-0.1449290440809043 0.6611765293785564 0
-0.1701779912198654 0.6669684016908658 0
-0.1624934271245282 0.642087111850568 0
-0.1879091800551432 0.6479524085415066 0
-0.180208640333783 0.6229843629874323 0
-0.1547609940268991 0.6172017661897042 0
-0.1724948476572693 0.5980422964801047 0
-0.1470362623640157 0.5922690011783989 0
-0.164767483979137 0.5730899864738603 0
-0.1392860850966842 0.567314030958001 0
-0.1570355364974674 0.5481095635464182 0
-0.1315223598970987 0.5423416648427857 0
-0.1902712212557547 0.5789134890190827 0
-0.1137911179747997 0.5615328469946457 0
-0.106028437929676 0.536583915295778 0
-0.08868002563062878 0.5556386088241764 0
-0.08098720457953443 0.5306215045677015 0
0.07021312766420804 0.7916830130253152 0
0.2486088728612456 1.04807181439646 0
-0.2056743905075039 0.6287983426602647 0
-0.2133411904100571 0.6538035775086267 0
0.2870606970596575 0.8730359326427141 0
0.2796562539737037 0.8961813359590727 0
0.3033286437477978 0.890979552485045 0
0.29597670948739 0.9139888344458129 0
-0.0996194899922144 1.062078549190911 0
0.2071514701399425 0.8480309086437751 0
0.03475398747435465 0.5289561556266322 0
0.2338559117980323 1.090741963405305 0
0.2118429433192077 1.095657995546762 0
0.2444801025342437 0.7952826720332422 0
-0.1622245289925962 0.9325177917635012 0
-0.1692923551900891 0.9551400801887004 0
-0.1493009274483145 0.5231164090400315 0
-0.1748523577606348 0.5289099723591375 0
-0.2415802602313634 0.9082475464654333 0
-0.2581564367741715 0.890739566178271 0
0.2076249473010658 0.6504211713029397 0
0.2327091969416233 0.6448469372559449 0
-0.1922320273221456 0.9603590436227807 0
-0.1762170190384173 0.9775476697787584 0
0.291337692664375 0.7178240556609251 0
0.3196009942248484 0.9088119674935485 0
0.3122992437478051 0.9316954929484093 0
0.2888347483312479 0.9369008814224935 0
0.3269090149481572 0.8858363146219708 0
0.305006651068311 0.9544349490740546 0
0.0121339731662691 0.9135471768460773 0
0.3253353337059316 0.7550172259803598 0
0.3424598468950611 0.7736900268160405 0
0.1857360124602324 0.9794825038151229 0
0.281842520945799 0.9596193404096927 0
0.297821077837048 0.9770375870376109 0
-0.1534229425404303 0.9723839785253722 0
-0.1603374146081026 0.9946823802210507 0
0.1706184126415641 0.5441196403621444 0
0.1530237775790965 0.5250245857979831 0
0.009470860672014275 0.5347167431197626 0
0.06557879394461021 0.8801491100902533 0
0.2559568733601948 1.08573883127863 0
0.2492767103455092 1.107362523163769 0
-0.2312271363433887 0.6346164484019226 0
-0.238940301654433 0.6598051024192442 0
0.1737324582952371 0.7462250990772153 0
0.2053461624051582 0.5825691035820868 0
-0.09834955427149814 0.5115936489547281 0
-0.07286342186350805 0.5057646245926898 0
0.01711780945856817 0.509907714580601 0
0.0424836306692104 0.5041485145121252 0
0.0628796296386086 0.9658002459124584 0
0.0553169609122862 0.9886881938602807 0
0.07178756671066906 1.005228623757616 0
0.04853972072268938 1.011348419829782 0
0.06490604102478009 1.027368139474843 0
0.04265171280689642 1.032520627928152 0
0.05823148155629352 1.049091366970829 0
0.03602457157203547 1.054189624677775 0
0.05149187821497071 1.070699407073854 0
0.07353215077050149 1.065729772236209 0
0.06649467482802239 1.087255105650422 0
0.04484968975019296 1.09222179671371 0
0.08868919975149807 1.08220955856336 0
0.08119757848619043 1.103625098086394 0
0.1036244829611223 1.098563176446433 0
0.1103746328764547 1.077358310208278 0
0.1253633815769751 1.093725814538076 0
0.1666091990797153 0.7698039571233285 0
0.3500625142964338 0.7495247407870622 0
0.3431498344300162 0.9036757020190928 0
0.351068663498155 0.8801449432666272 0
0.09720131413813678 0.6292093749277682 0
0.001832524773466132 0.559489048518269 0
0.180728640351899 0.7223937061410425 0
0.1781100902796688 0.5195479427834286 0
-0.2512874383318329 0.8674455775685552 0
-0.2749744095276114 0.8730115412422588 0
-0.2680498884592953 0.8493749657807259 0
-0.2921410013510133 0.8550163182192456 0
-0.2849886276717485 0.8309905999347198 0
-0.1671113119669721 0.5038295574180071 0
-0.1927573868570918 0.5096698664132978 0
-0.2649552600159217 0.9138592380342303 0
-0.2485657598969165 0.9311250422947424 0
0.1187769263812829 1.114806545764853 0
0.1402991376382516 1.110038138543587 0
0.1613042042739294 0.4996106014293306 0
0.2404068805699438 0.6202764144453192 0
0.2578608966721032 0.6392748016969078 0
0.3671284839851391 0.7682579289098732 0
0.359524536922725 0.7923682074294864 0
0.3841199471500181 0.7869842971473295 0
0.3767804869460942 0.8106706849010484 0
-0.2988676307666037 0.87875341959154 0
0.3285536251049406 0.9492811142584561 0
-0.1989905962737538 0.9827322735236568 0
0.2745610534865618 0.9821551604582602 0
0.2905542784529781 0.9989134170807124 0
0.2579757086378465 0.9646907452013683 0
0.2248926184655353 0.6686599310300485 0
0.4009933439555231 0.8055802488047145 0
0.3937129919362835 0.829015561019453 0
0.09234686812838167 0.9380885041477234 0
-0.2564790432124407 0.6406031950415274 0
-0.2491078424806213 0.615281781493864 0
-0.2645032587965138 0.6656881946381029 0
-0.2466589934487723 0.6850040726084622 0
0.1820679308917388 0.6559964454817138 0
-0.2722339943622327 0.6908368401362657 0
-0.2543776896345839 0.7100548666942285 0
-0.09612197819808652 0.5806353739188854 0
-0.07135845312057378 0.5749937338739174 0
-0.2798604141909653 0.7159231057470838 0
-0.2620560450598501 0.7350366424783765 0
0.3136517075923473 0.9943412232288421 0
0.305112814014131 1.015705037163759 0
-0.1376512247765068 0.9896049330028561 0
-0.144641454911625 1.01173115050883 0
-0.1306101139318515 0.9672718737835587 0
-0.1672532097649997 1.016787611567511 0
-0.1516866852665261 1.033606555516292 0
-0.2874636244975751 0.740934376953427 0
-0.269667705054968 0.7599936810179643 0
0.1336677734660663 1.130996797902928 0
0.155119365572039 1.126262313744356 0
0.1123381069142789 1.13575985353753 0
0.02479988383154269 0.4850390742530176 0
-0.0006146811802253682 0.4908333949804854 0
0.02059254950181517 1.03792578961806 0
0.01391456292354099 1.059362048253223 0
-0.01544504423973638 0.5406028968523435 0
0.1908196896987692 0.7645203377518619 0
0.1835429112026483 0.7881726088007781 0
-0.2717283942340989 0.936632193276816 0
-0.09061148634508662 0.4862986579189868 0
-0.06507470246883329 0.4804990436953667 0
0.04982558520397207 0.4802887268208413 0
0.3669029804838218 0.898430413408223 0
0.242102845349097 0.7295959731141066 0
0.2735378668915975 0.698792693344448 0
0.2998050027303873 0.693661267482983 0
-0.2950094463907023 0.7658178011880451 0
0.03920466209765995 0.9717060772175699 0
-0.1849501885879909 0.4844951385712166 0
-0.2106759645042929 0.4903278810879623 0
-0.218481982483018 0.5155758514657856 0
-0.1593258222619902 0.4787522414897651 0
0.2712697385500067 1.102404920146159 0
0.2781532429534033 1.080702123838136 0
0.2644584245222704 1.12392536578209 0
0.2382965595108657 1.131334749818994 0
0.1320996326570949 1.072473641466189 0
0.04678342995731669 0.9487076963882846 0
-0.2552225447251075 0.953779495151047 0
-0.2364700638076582 0.4961736274442037 0
-0.244276477043077 0.5214855997433794 0
0.1170985628251955 1.056003724303311 0
0.293574697398601 1.097528641383398 0
0.3748470933515704 0.7440015678350533 0
0.3577393654554054 0.7252936992575116 0
0.1618063172399289 1.10531956475381 0
0.1769993604039829 1.121183233750458 0
-0.1125030601608396 1.104735445466705 0
-0.3162923073977547 0.8607510821705013 0
0.3515586187545588 0.8158029505816291 0
-0.07842299297237715 0.5997210296283773 0
0.2658064210922103 0.6155861301932681 0
0.2829553294653777 0.6330752801150137 0
0.3766180294003106 0.8749676520283323 0
0.3593952495912314 0.9213853560477565 0
0.1475132800991187 0.6181831184923816 0
0.1777522964065314 0.9396239552963093 0
-0.2881077375736425 0.9194566908975969 0
0.1052265789459784 0.8920361293079991 0
-0.103780829804252 0.6054903381506294 0
-0.1550834093981418 0.9098147448020613 0
-0.1390955180945765 0.9273208150297714 0
-0.1317906903292904 0.9045871799020639 0
-0.1157393451538229 0.9221546315807992 0
-0.1084093599667379 0.8993082896650848 0
-0.05355477798812944 0.5943096737186456 0
0.1947343746885687 0.5394979135775053 0
0.1348018332948667 0.7988148698809294 0
0.2673872864411504 1.004004307048287 0
0.1354408978322509 0.5058076360917039 0
0.1437689357406562 0.4802994378898229 0
0.1179151249361241 0.4869468275882395 0
0.1874215063376567 0.4951130015802543 0
-0.2366967705287081 0.7292012550996857 0
-0.2262650037474401 0.5408187610052734 0
-0.2520549896004507 0.5468220606520147 0
0.08729696246436838 1.022209587976592 0
0.164564367193661 0.7035820321688613 0
0.2478685429195086 0.5978659846667881 0
0.03870664316167173 0.8204611380191412 0
0.3350094152209464 0.862022846533348 0
0.06781578768826649 0.4985166266241327 0
-0.233856339410888 0.5659016559268331 0
-0.2597281599601691 0.5719239211022717 0
0.07563352588445223 0.4703634883355697 0
-0.124535778492041 0.8816534976674293 0
-0.1011005616053672 0.876305058698204 0
-0.1173938194854453 0.8585016149973348 0
-0.09369668574292885 0.8530750089191073 0
-0.1151707020263724 0.984493590048473 0
-0.1294586666341917 1.028843641740069 0
-0.1363050671589458 1.050547947375016 0
-0.1584613079263824 1.05538888603981 0
-0.1429586384696597 1.072105914979951 0
-0.2608808750797081 0.8255191137713265 0
0.02385351302334796 0.954024966161255 0
-0.2028580568529835 0.4655831439623599 0
-0.3231106338329784 0.8844825433736676 0
-0.1103311118105442 0.8350986509023399 0
-0.08633029341391463 0.8296666321604114 0
-0.1028745881193677 0.8115741833426454 0
-0.07887505641739259 0.806078664676209 0
-0.04788439489394342 0.5009511518948906 0
-0.04016986706064565 0.4762362197104491 0
0.1698722404984599 1.14207207260967 0
0.1917590591923344 1.137268140440111 0
0.1389304854392676 1.05114924777908 0
-0.1079436735617092 0.9624909356653745 0
0.2355363753526983 0.7535779827340325 0
-0.06229519702885013 0.8237362962961519 0
-0.05466113793306408 0.8005953701481509 0
-0.07145801926040665 0.782378370436007 0
-0.04710106607184864 0.776958500763246 0
-0.06398869520480441 0.7585302677456018 0
-0.03956869769195915 0.7531576388279428 0
-0.02270261402722794 0.771617062609948 0
-0.01514065319068799 0.7478095064461208 0
0.001714243463397381 0.7662794870419563 0
0.009285438246106861 0.7424652804696926 0
0.02614236096447963 0.7609394378489531 0
-0.08797107492059965 0.7640831078514159 0
0.2999722002638405 1.07614860092481 0
0.2849779852680888 1.059431884788141 0
0.4080934314197278 0.782255962543861 0
0.03318159147810364 0.4630029295349884 0
-0.2151622237878048 0.9656860126844037 0
-0.2216406255646936 0.9880077520755499 0
-0.2058335429379604 1.004845824189314 0
0.1891907987008097 0.6978744917536709 0
-0.2810115154471652 0.6440950073722161 0
0.3837720212453751 0.72035282414502 0
0.3077764070976099 1.055396863316044 0
-0.09338107260380714 0.9173219809394145 0
-0.0607309154913931 0.6187144524553718 0
0.4173939886794524 0.8239056519298071 0
0.409771373933578 0.8473560259284639 0
-0.2783584655326248 0.8068460225355236 0
-0.3058064002815636 0.8149853852721585 0
-0.2551761883569867 0.801384782824379 0
0.2569792421527273 1.145449487899195 0
-0.1160496217008122 0.4923319144249756 0
-0.1084516372857713 0.4676175286688711 0
0.3819200533423612 0.915530750505921 0
-0.005976863332404568 0.7894302080623914 0
0.3162400476016671 0.712253568813802 0
0.3240414123650572 0.6878387463230508 0
-0.07874505069917266 0.8714158613355933 0
-0.29359683328312 0.9411092050641178 0
0.3100445422119315 0.6686070876299047 0
-0.2617397233244241 0.5022185934520257 0
0.1853074739130004 1.158695929089571 0
0.2054696142674881 1.153722367812155 0
0.1267531019147379 0.462383908274402 0
0.3285915286307916 1.01139440516324 0
0.3366081267209952 0.9894725781223797 0
-0.2964982768159752 0.6947749341794649 0
-0.0689090729851322 1.151743274811887 0
-0.0227865738851032 0.5651583475098877 0
-0.005111467697035275 0.5842751839480353 0
-0.03943362990544136 0.5454289973999568 0
-0.2531219559401326 0.4763039360296137 0
0.2067759002876408 0.7832555301397669 0
0.1992446144138957 0.8066295839333539 0
0.1758850318136642 0.8118137188322452 0
-0.09279483865304272 0.9797361405739696 0
0.2909789645871514 0.6095653345878795 0
0.3085896470986994 0.6251676409151351 0
-0.3109390981008495 0.7455509204888969 0
0.2182925918806951 0.7350358935529545 0
0.2288194349943398 0.7113656962596746 0
-0.2776149725043058 0.5540808991865303 0
-0.2864439270199289 0.5764296631320721 0
0.1268655060655086 1.150681553163124 0
0.1052988303861821 1.155854352737091 0
0.08940820010346219 1.140357728848311 0
0.23717446318279 1.150368113740743 0
-0.0004573050165782207 1.043157818547207 0
0.004398202078888467 1.020942929588122 0
-0.00750815905373377 1.064675563998477 0
0.007524992249668752 1.080946081017197 0
-0.01331491611296548 1.086365001216998 0
0.001098903911955046 1.102353359275011 0
-0.01971057699380937 1.107670729188774 0
-0.005455246623945802 1.123486762669709 0
0.01596674875632516 1.118548387828552 0
0.009366889048744498 1.139427446725648 0
0.03058510689894241 1.134583034219483 0
-0.01174440003978138 1.144175271896361 0
0.2139729597787217 1.132764975525171 0
0.03903087991214891 0.7368680319611014 0
0.05144948841538746 0.759350580459028 0
0.0184326273457568 0.7187465616820778 0
0.2740273816048471 0.6565195053165039 0
0.02358675484812466 1.155269600340672 0
0.04497927212810549 1.149447844009452 0
0.0516643677404147 1.129636015926826 0
0.313635306894169 1.096848782611556 0
0.1518307865305714 0.4537366474492154 0
0.1859467336931775 1.100028121649198 0
-0.03144484036265364 0.7289055840648553 0
-0.03538976770165907 1.091804798523075 0
0.3736723458426116 0.9379507894039955 0
-0.05781572229157848 0.4542359040513961 0
-0.03191147128982458 0.4499260389782136 0
0.01720369813502449 0.9764274247871584 0
-0.03906659072508364 0.817947208523359 0
0.2808948816597305 1.140671817431846 0
0.3368442909490995 0.6620925165049371 0
-0.08015206125757036 0.7395015886272773 0
-0.1042127271904565 0.7441804864961343 0
-0.01657724628370286 1.0311517154985 0
-0.3203664948969182 0.7660370430797611 0
-0.2283244573264507 1.010066174954291 0
-0.2440213932601512 0.993326517700918 0
-0.2126329573634894 1.027499050706394 0
0.3502230192648672 1.00959919997592 0
0.199025589407055 1.174788748565591 0
0.04072223982524091 0.7799171576217795 0
0.1542485567168562 1.067622198501931 0
-0.07866040236644051 0.4369482436806654 0
0.0304117389938324 0.931265756315347 0
0.05374751056651236 0.9261670170359404 0
0.03660002993027388 0.9088003204761292 0
0.03999307755088088 0.7096208082967463 0
0.3514131004230648 0.681804871100526 0
0.06642872803684953 1.145643047729255 0
0.05804319580036103 1.16722122112406 0
-0.3093813847081185 0.9229145487358672 0
-0.2507096039367087 1.01781170992386 0
-0.0006260041168233096 0.959005707542895 0
-0.3405258849238168 0.8666759381641238 0
-0.3317413252491991 0.8435892607713638 0
0.3162077928931777 0.6033017514210652 0
0.1327935673126862 0.4374364499188311 0
0.1794775872020751 0.4484532206568952 0
0.162338396678931 1.046010548928753 0
0.1242099309919154 1.034343011804961 0
0.252001640633329 1.165351893966501 0
0.2955019925374635 1.038041866232373 0
-0.1651470682972527 1.077124067770085 0
-0.1497639614680205 1.093623973446879 0
-0.1811902196487348 1.060613087156488 0
0.317854562288864 1.034154328790704 0
-0.2321262755490496 0.9484414585833363 0
0.07368532281668679 1.124745601253511 0
0.3858080474126215 0.8516436697566175 0
0.4006507132321462 0.8702040363802945 0
0.4230879968980993 0.866742223837358 0
0.3601555182192578 0.8568591717616574 0
0.3905721131771003 0.8928889536800027 0
0.006708658483749433 0.9982591892252681 0
0.03241773912047394 0.9940313910039482 0
-0.3657959801250468 0.8371036953055884 0
-0.1904092773784566 1.021702409714089 0
-0.1970805277576128 1.043889814967169 0
-0.125153448286526 1.146975531967784 0
0.4416523117735023 0.7585458840894029 0
-0.3039054494326203 0.5586612996326348 0
0.2260126121684398 1.112266550919856 0
0.01873517969584417 0.8907645747595818 0
0.3430294280309948 0.83904842584711 0
-0.3546220389654987 0.787598354870936 0
-0.3325703374776464 0.8052348083897864 0
0.1703779103255385 0.4747305495919285 0
0.196373501872201 0.4703017923513523 0
0.2123706292494671 0.490901770240054 0
0.02422441300356743 0.6952928282056346 0
0.3518019865963794 0.9439608779007758 0
0.3694343009585153 0.9633250397473934 0
0.3448167474521798 0.9669179503665981 0
0.3052529825500658 1.11394185089102 0
0.4006484630126986 0.7404410228969179 0
0.1947990058005011 1.078982674722913 0
-0.2806632642772648 0.9627785807068832 0
-0.2608752339997875 0.9780672550193781 0
-0.3020675202573901 0.9629998033057181 0
-0.3501285544566387 0.8876019102513211 0
-0.3306733063993215 0.9081704832234518 0
-0.1414110013427786 0.7979668035790241 0
0.33459178821598 0.7975571002172552 0
0.02951479873603069 1.075806700995446 0
0.02266091084452793 1.097313174111593 0
0.002375695603250135 1.16097974880287 0
0.1483424406395074 1.146543965181171 0
0.1403633643565943 1.168081477591509 0
-0.2249773940085786 0.9257243149143319 0
-0.344944616622065 0.7334469120733923 0
-0.2444679387322577 0.7537361333286912 0
-0.1563379269816615 0.8455143485023915 0
0.2969519873463891 1.159261575846469 0
-0.1011717819813392 0.9402508764761479 0
0.1217274911995113 0.9097646938901058 0
0.3518209731989284 1.052820979603642 0
0.08873484589638184 0.8743286787115703 0
0.08238640366580827 0.8978750471240602 0
0.2558985968191024 0.9013839043581913 0
0.2487248753210253 0.9243707392649712 0
0.225159677266548 0.9294605138084193 0
0.2416184800786478 0.9471186459235326 0
0.2179168031927468 0.9521436689951399 0
0.2342668424112072 0.9697121825364619 0
0.2106345235169324 0.9746892106942633 0
0.2510517342100773 0.9871970497033058 0
0.2440227151599035 1.009875004523749 0
0.2574772945680437 1.026023287850903 0
0.2015229313600082 0.9345717825809167 0
0.2272949952101482 0.9923115043272543 0
0.2724804969060115 0.919182252714538 0
-0.02589603850623064 1.128777130384654 0
-0.03319949567983252 1.149462739368651 0
-0.04553387910120851 1.13140030502287 0
-0.1293173802182411 0.6114286045966204 0
0.3629100890357426 0.6569358169726693 0
0.4249572671112062 0.8007610270193751 0
0.440342316667195 0.8219783900269182 0
0.3358001556158701 0.9264684184446731 0
-0.2289164683093788 0.7043045676282605 0
-0.2112467544174196 0.7233716704271775 0
-0.2212064712874665 0.6790873970811659 0
0.08025962083511937 1.044176532028756 0
0.09437956146967653 0.9999750118457817 0
0.117213722714908 0.9947529655155641 0
0.01801576413887306 0.7840378328333595 0
0.01094632317107225 0.8083762378295293 0
0.0822476199757987 1.160392709171878 0
0.1649204724144164 0.6370943555894555 0
0.1399317926099883 0.6426796136386588 0
0.1565768537759181 0.6615285978970834 0
0.1223990010689821 0.6237652707503335 0
0.1149069730746588 0.6483563449757859 0
-0.2211163006510107 0.8382014943953993 0
-0.3336150288769325 0.6806132034083201 0
0.1592156189388388 0.7935236748532287 0
-0.1566208982011197 1.115297096352517 0
-0.1225847759561896 1.006760019059874 0
-0.2190445457388678 0.7481312763069513 0
-0.225455798216913 0.7718079311892151 0
0.1851047987248598 0.9168619275599961 0
0.1939506319645726 0.9571043886897435 0
-0.1880678542304997 1.083181305899535 0
-0.1745319959445384 1.038589989859624 0
-0.1956810943929515 0.6729989400018141 0
-0.02296211659778687 0.4238574469014508 0
-0.208482874370306 0.9430236958206772 0
-0.03062475698716692 0.7944606250845556 0
-0.04366843130252321 0.7069881734568806 0
-0.1831735100002817 0.9997163614990632 0
-0.1215854796667428 0.5865007406408016 0
-0.2069185379774107 0.7901172698969889 0
0.09672879628350746 1.119625903828819 0
-0.08603153854910753 0.6244980265372075 0
-0.3227859074129384 0.6281379842150325 0
-0.2990552400422835 0.6232265544541715 0
0.01951424443444708 0.5784398401218775 0
0.01241583876198474 0.6031784864868437 0
0.2087337909848787 0.9117104508733656 0
-0.2816374842591445 0.8963264374577898 0
0.1299595680725723 0.5991381067494336 0
-0.1371143258616722 0.6362751418075391 0
-0.2378239086803163 0.971270014452253 0
-0.2965303972343367 0.4950913433510467 0
0.2847748263337669 0.550204541088813 0
0.2787277164416145 0.5724990109009599 0
0.259897985839831 0.5527476015613901 0
0.2690305263915337 0.5293237452028002 0
0.2430385326770589 0.5328529024559235 0
0.235973385909741 0.5558020578056844 0
0.2497175879886609 0.6626673273622375 0
0.2443227264636588 0.68833352057129 0
-0.285957959754451 0.4422362487988482 0
0.1519501369326608 0.8171757297352404 0
0.1679867064247457 0.8352714599623065 0
-0.04422908463646039 1.07059114842406 0
-0.3766741034803939 0.8917256175615906 0
0.03719942292783501 0.5972448619398085 0
0.08437358120457197 0.7426389951810762 0
0.08214872361616904 0.4228724812751707 0
0.09275556070916102 0.4459712716795277 0
0.06810384759890042 0.4441744044887785 0
-0.07087359721085559 0.8473954749641848 0
0.200769201419587 1.115617949161926 0
-0.2196374833176566 1.050850415647053 0
0.0297559543517129 0.4218626169363501 0
0.3922962396455503 0.9698652588006638 0
-0.1278224363795461 1.088562028042907 0
-0.1343236421700228 1.109851751528436 0
0.08949113945201603 0.6535325169248146 0
-0.1289473684213487 0.422790142204778 0
-0.176954530769304 0.4607959386568546 0
-0.151188861246462 0.4555019063084447 0
0.1987626290271673 0.6738694484311536 0
0.09892011255604682 0.9153458445706031 0
-0.1552609001240914 0.4221074707127696 0
-0.1924926961824298 0.74101717574393 0
-0.2005229201765569 0.5348503974430763 0
-0.207898110135665 0.4221561810243865 0
-0.2193012026922361 0.4449778653280184 0
-0.2437699107098559 0.4492397739648262 0
-0.08362992437860425 0.4618711976601789 0
0.2864082858017753 1.119196494254373 0
0.05998051478606016 0.5232876718265671 0
0.1422888995939071 0.7751327852382293 0
0.4143784668227836 0.9282480129306775 0
0.3098738870255993 0.802843512982766 0
0.2377478174840696 0.8191239679786405 0
-0.2621515346993332 0.4275081182654095 0
-0.1115438995702332 0.6302470439933577 0
-0.1238039382002091 0.5173486682235086 0
0.1047981575315921 0.6047269929311061 0
0.1101702967609166 0.5117345104297177 0
0.1269436587411083 0.8222875619754195 0
-0.00816588020076245 0.5157033918738847 0
0.2652461383700963 0.9419804341560993 0
-0.2276995257511932 0.4704343713028307 0
0.187315163210422 0.5634380573543269 0
-0.1979623469661209 0.6038517459876223 0
-0.09539729352334023 0.7878865062211576 0
-0.1825409352894796 0.5539258823576011 0
0.07600248903704317 0.7668875902897767 0
0.3208637025032943 0.9719525164995089 0
-0.0265977748640947 1.182355178581771 0
0.01858752036201764 1.177955783051057 0
0.2230029958191034 0.6022426691509767 0
0.2523226591797166 0.7716453608309577 0
0.1010266880115053 1.178249054847632 0
0.008049872278275904 0.4664181033177605 0
-0.2719265988446232 0.5277474957354811 0
-0.1463559020579916 0.9498949227128245 0
0.3915566780107583 0.7635786288778159 0
-0.04682782396971814 1.182849421083632 0
0.1277682837768245 0.5307443634561888 0
0.07743833400116942 0.5422924526794628 0
0.1402113787547466 0.7092087820410575 0
-0.08655569884076238 0.8945726942651474 0
0.15989278710862 0.8584723680608871 0
0.2944993904439399 0.849816648959613 0
-0.22345105111755 0.6097114208522082 0
-0.171193503928083 0.8920601765673697 0
-0.01843194805503737 1.006886313312065 0
0.1701412248509847 0.9621152107567094 0
-0.2887576235929633 0.6686185220754784 0
0.1470459056781018 1.088925067191803 0
-0.1415727279538553 0.4981244567827527 0
-0.06959729392547163 0.6441619426617998 0
-0.006522316162573958 0.7236977731455816 0
-0.1197251819697281 0.6553842654600618 0
0.1314598245352008 0.666964155867746 0
-0.04486256444363849 0.8835993945808744 0
0.473829014361725 0.8002351564093663 0
-0.1779041417735823 0.6918793204407431 0
-0.3032209080772694 0.7196398061009158 0
-0.04475737350865627 0.6386471952745397 0
0.3083773723827842 0.7364112825135362 0
0.2011967964360783 0.9966403137668314 0
0.06380054207170362 0.8154694752377323 0
-0.05985925814768026 0.929137921913179 0
0.3108434504386234 0.8677380215670569 0
-0.05552390247303745 0.7339885735806402 0
0.2336108098241058 1.030903858987185 0
0.0696427447275184 0.9434799952215653 0
-0.1189406987951278 1.125885659918148 0
0.1151897711439893 0.9326305374701156 0
-0.1337635898230757 0.4734720866456819 0
0.005753735031039863 0.9363021200389083 0
-0.09521827002370747 0.718756224168182 0
-0.03622945833803622 0.6134613078082247 0
0.09536921510704917 1.060856218974014 0
-0.2081893692053342 0.5598698847944381 0
0.02986373890193665 0.6216522234911157 0
0.2884789662367971 1.180964713797415 0
-0.09288287172548554 1.040582010557744 0
0.2306185176363368 0.8425867582262356 0
-0.20367621298762 0.6983838970682557 0
-0.1477860870222171 0.8868523971445811 0
0.1703313449241655 1.083901385493027 0
-0.1061410538473418 1.083442803355476 0
0.2630368954776992 1.064713605130655 0
-0.1235221353006633 0.9449316645868936 0
-0.2157975205019045 0.5848598800224994 0
0.005214219453031262 0.6276029146124311 0
-0.3052963629233015 0.9016840205466521 0
-0.227769924295584 0.8618399922015457 0
0.3330435460685853 0.7309017237495126 0
-0.05624669674279293 0.5257058122357812 0
0.3183586678066684 0.8446243171552239 0
0.08511969170122821 0.517520784091743 0
0.2377200492537543 0.4873284701538809 0
-0.1240102458038452 0.4464010021958191 0
-0.3093669272959403 0.8380565689254961 0
0.03722458357407214 1.113706563883899 0
0.3948283529627656 0.6970759479060955 0
-0.2673344686894659 0.5957131008603475 0
-0.1212211131588148 1.067123014083608 0
0.1094036574977844 1.017033608989889 0
0.1066466791217676 0.6722233508036825 0
-0.3465708476695011 0.9262542452475138 0
0.05888570643964944 1.10873012711636 0
0.3413239377070774 0.7065745887178224 0
0.09282059769571377 0.4924181550801925 0
0.1888362803863366 0.4233012227630333 0
0.3591491934420261 0.9863489534638128 0
0.2730612340614267 1.161547923735076 0
-0.2415458970267665 0.5905652933763372 0
0.3671592825914927 0.7013696036565618 0
0.1022729916202387 1.039103780679587 0
0.1469627522695812 1.029336710290703 0
-0.2669633628153407 1.002152122490137 0
0.1837170401674944 0.8531421428401105 0
-0.1145531400972924 1.045592483834512 0
-0.1404226945710157 0.8637323980937196 0
-0.2444037355598506 0.8439744921340664 0
0.3266122193167597 0.8210552223763702 0
0.07617696070559611 0.9208615543012841 0
0.14810544295186 0.6854360267799138 0
0.1914433270537753 0.8300221164649735 0
0.1732113370901925 0.6797145070853994 0
0.4639733596611397 0.8212571220789503 0
0.2148039345944195 0.8246548295038421 0
-0.100689526245332 1.001710103565698 0
0.4356164234909828 0.8862360711104447 0
-0.2371690502772113 0.8203793338028559 0
0.4323059852389217 0.8440137768822131 0
0.22828654212807 0.5125148123437411 0
-0.01198943025183103 0.6088700785665381 0
0.0426307047971467 0.8859657897679444 0
-0.1077181349556396 1.023705005791743 0
0.05952006726832458 0.9033031397992686 0
0.2221018040478834 0.4661077216258827 0
0.1627363349173029 1.161466387115671 0
-0.07880193675496952 0.9966894457063828 0
-0.1329710429135301 0.8405335119813573 0
-0.2518893607694191 0.7771369231654184 0
-0.01864168885233365 1.164230840464661 0
0.1025294909595886 0.4678018664860279 0
-0.2777876731382247 0.7827074953208826 0
-0.02930365322111145 0.589660735794636 0
0.4105995418385748 0.7177662971053553 0
-0.2317937845672292 0.7958500345822996 0
0.3691316595137953 0.8336826646305389 0
-0.04691202703731982 0.56981057095569 0
-0.1256336339536125 0.8168153250713007 0
-0.3063629152010311 0.7894607390547209 0
0.3299984931611141 1.053182603937215 0
-0.06393633950271517 0.5503665379762037 0
0.3721005055458432 1.009990187776147 0
-0.03153531349777967 0.521553783190295 0
0.2030318323732915 0.5156199523928099 0
0.01863092721124955 0.443443363935646 0
0.2221679639022647 0.8011572567285552 0
0.02693216200055881 1.017058974325906 0
-0.2732669008025272 0.6210124491109144 0
-0.0237811673088829 0.4968649234437861 0
-0.1182663418435497 0.7930065273170155 0
-0.01616592887649513 0.4706885561582084 0
-0.006914281633832085 0.446135150156279 0
-0.07186658974398338 0.9747627510772908 0
0.2290969085771029 0.77762586904362 0
-0.1928347990363301 0.4424994066323001 0
0.2191670050838692 0.5356555904764116 0
0.2129484055105833 0.7598235812683346 0
-0.1113685538774226 0.7683114101499016 0
-0.08676397025816153 0.9582122224415472 0
0.1791138011503991 1.179652631670459 0
0.4159101193602045 0.7601381016092652 0
0.1964474651422904 0.741884280013655 0
-0.1277447521967983 0.747952002857427 0
0.4464543227949666 0.8652350852753626 0
-0.1193401929255716 0.7240970243595268 0
-0.04881590301500022 0.842509247510155 0
0.2290481136509828 0.5784210054293639 0
0.2049894040347801 0.716387828266263 0
-0.01491567255710053 0.8113803393472461 0
0.2461332358774413 1.183494868211271 0
0.2720779308522913 1.042437161017348 0
0.05819933199510973 1.186480596733664 0
-0.3055818443989288 0.6467365160268818 0
0.01693874506700092 0.8309936947639678 0
0.2813519328110096 1.020854179398897 0
0.03226699639610748 0.798445154545473 0
0.3355963006519684 0.6153094203174794 0
0.4133266861126341 0.8886369659570215 0
-0.09944043280708104 0.4471750970129622 0
0.2159857154937493 0.6908572984419732 0
0.2119307008247903 0.5592306213708964 0
0.431776361552862 0.7797773854741118 0
0.2511031775503906 0.7103988823540859 0
0.3246551885492965 0.6421152835218202 0
0.4031439695023325 0.9106057231560065 0
-0.2837751989588695 0.4203030748022826 0
-0.3144559853082917 0.5790648045299012 0
-0.07961529286724607 0.935474576088924 0
0.3401673570758064 1.032025880735552 0
0.2657554693779196 0.6765275624087788 0
-0.2668494365394429 0.4575740467404704 0
0.00407847044736752 0.6984051059863361 0
-0.3201276000312296 0.9575681966066621 0
0.2995457305169159 0.6481597426371468 0
-0.0378328135208421 1.166123483033839 0
0.141590552178873 1.186908276717717 0
0.0443867051146744 0.4426889976740385 0
-0.07286855110082099 0.9123855074787777 0
-0.312035134394408 0.6730046537300198 0
0.3207411964895853 1.075246439129557 0
-0.05776106987579783 1.166667237555068 0
0.2543501773491181 0.5755010285632814 0
-0.06560539334414341 0.8894820321394973 0
0.4487248581351572 0.8005920633062918 0
-0.324831973071718 0.825613550117466 0
-0.2946287604302027 0.5982946232270905 0
-0.1666536867205519 0.4399022995216258 0
0.3340525788920681 1.098605236814164 0
-0.05746110819195026 0.8657621739543294 0
0.2871717839408334 0.6763247654494147 0
-0.06505916922333568 1.13111800845555 0
0.3936977492402002 0.9324659234114671 0
0.2745853193330313 0.5956705110155025 0
0.2154628722592659 1.168322749227289 0
-0.2743379179536686 0.4844141338430397 0
-0.3187328575557378 0.6981317822742181 0
-0.02653456631838942 0.8370421671700852 0
-0.03637240770865729 1.113878172519434 0
0.1341493949585603 0.4163863751043697 0
0.2329900066790341 1.166466598590564 0
0.03731400912171361 1.166173385796983 0
-0.05377630235568364 1.08797039459952 0
-0.3251069615650629 0.7245224332300467 0
0.1142966463927298 0.445513719692524 0
-0.3444202196510805 0.8276362666240247 0
0.2977147042810045 0.5898637780018359 0
-0.02514151027336926 1.068360742477389 0
-0.2806561250614477 0.5085871590144833 0
-0.07539212184722528 1.167093060936361 0
-0.05044143959234398 1.149707838240316 0
-0.07648382043689299 0.415298416963072 0
0.1192729507666756 1.166341631789884 0
0.05559738889940228 0.460425344379174 0
0.3859540033303182 0.9526797588275568 0
0.05198114676088543 0.7981706747418567 0
0.3238236287382911 1.118383402981181 0
0.06463445152321994 0.7446243272080543 0
-0.01669771506829608 1.050585533902466 0
-0.2951528760661948 0.5391267972095282 0
0.2109734085669765 1.185064700998818 0
-0.3328243581407141 0.7828370488263449 0
-0.3313477950877349 0.74863564947852 0
0.2213143640802389 1.148015928440669 0
0.0553979687957029 0.7009669078706002 0
-0.1421047141355995 0.4367600307378946 0
-0.03309029512487598 1.023759887482379 0
0.05996548314827856 0.7766668589471293 0
-0.3500656999420541 0.8500777640038795 0
0.03881546778662771 0.685382229798021 0
-0.3272262756164742 0.9262044692409219 0
-0.2978547317615867 0.9792840597523982 0
-0.312293931552679 0.941931680850487 0
0.3169076615732226 0.5841189615645627 0
$EndNodes
$Elements
13 2286 1 2286
0 1 15 1
1 1 
0 2 15 1
2 2 
0 3 15 1
3 3 
0 4 15 1
4 4 
0 5 15 1
5 5 
0 6 15 1
6 6 
1 1 1 19
7 5 7 
8 7 8 
9 8 9 
10 9 10 
11 10 11 
12 11 12 
13 12 13 
14 13 14 
15 14 15 
16 15 16 
17 16 17 
18 17 18 
19 18 19 
20 19 20 
21 20 21 
22 21 22 
23 22 23 
24 23 24 
25 24 6 
1 2 1 19
26 6 25 
27 25 26 
28 26 27 
29 27 28 
30 28 29 
31 29 30 
32 30 31 
33 31 32 
34 32 33 
35 33 34 
36 34 35 
37 35 36 
38 36 37 
39 37 38 
40 38 39 
41 39 40 
42 40 41 
43 41 42 
44 42 1 
1 3 1 19
45 1 43 
46 43 44 
47 44 45 
48 45 46 
49 46 47 
50 47 48 
51 48 49 
52 49 50 
53 50 51 
54 51 52 
55 52 53 
56 53 54 
57 54 55 
58 55 56 
59 56 57 
60 57 58 
61 58 59 
62 59 60 
63 60 2 
1 4 1 19
64 2 61 
65 61 62 
66 62 63 
67 63 64 
68 64 65 
69 65 66 
70 66 67 
71 67 68 
72 68 69 
73 69 70 
74 70 71 
75 71 72 
76 72 73 
77 73 74 
78 74 75 
79 75 76 
80 76 77 
81 77 78 
82 78 3 
1 5 1 19
83 3 79 
84 79 80 
85 80 81 
86 81 82 
87 82 83 
88 83 84 
89 84 85 
90 85 86 
91 86 87 
92 87 88 
93 88 89 
94 89 90 
95 90 91 
96 91 92 
97 92 93 
98 93 94 
99 94 95 
100 95 96 
101 96 4 
1 6 1 19
102 4 97 
103 97 98 
104 98 99 
105 99 100 
106 100 101 
107 101 102 
108 102 103 
109 103 104 
110 104 105 
111 105 106 
112 106 107 
113 107 108 
114 108 109 
115 109 110 
116 110 111 
117 111 112 
118 112 113 
119 113 114 
120 114 5 
2 1 2 2166
121 675 339 1125 
122 339 675 709 
123 810 659 910 
124 674 521 1131 
125 143 762 859 
126 521 674 744 
127 623 748 1027 
128 1014 636 1048 
129 688 151 689 
130 118 754 869 
131 754 118 986 
132 140 692 885 
133 778 1028 1077 
134 693 145 798 
135 159 683 719 
136 143 716 762 
137 124 1014 1048 
138 855 891 1079 
139 683 159 720 
140 768 679 907 
141 338 694 950 
142 160 763 981 
143 245 338 950 
144 907 679 1109 
145 160 762 763 
146 138 114 161 
147 121 759 760 
148 381 684 758 
149 759 121 1139 
150 239 237 1080 
151 743 38 1127 
152 986 118 1030 
153 180 182 715 
154 736 663 924 
155 151 688 705 
156 724 486 728 
157 617 724 728 
158 1028 728 1077 
159 1027 748 1129 
160 701 986 1030 
161 715 182 949 
162 863 570 864 
163 891 883 1079 
164 692 140 775 
165 513 422 737 
166 37 38 743 
167 710 693 798 
168 934 1002 1092 
169 182 184 949 
170 873 126 973 
171 663 736 1035 
172 17 18 992 
173 301 758 960 
174 973 126 1067 
175 521 661 1131 
176 115 810 910 
177 663 696 924 
178 758 684 960 
179 854 510 1071 
180 684 381 866 
181 744 674 866 
182 720 141 750 
183 510 854 1078 
184 646 883 899 
185 690 199 715 
186 775 955 987 
187 736 737 1035 
188 152 712 1060 
189 790 370 944 
190 1072 634 1082 
191 712 152 1109 
192 199 690 736 
193 199 180 715 
194 685 315 930 
195 706 399 708 
196 789 790 944 
197 315 685 831 
198 693 634 1072 
199 149 698 700 
200 237 752 1080 
201 756 140 885 
202 570 863 1019 
203 676 675 1125 
204 749 720 750 
205 441 566 734 
206 301 704 721 
207 122 710 798 
208 457 556 749 
209 1059 790 1063 
210 724 1059 1063 
211 698 149 714 
212 727 116 740 
213 1002 800 1092 
214 288 301 721 
215 704 301 960 
216 831 685 943 
217 338 831 943 
218 789 307 792 
219 152 907 1109 
220 689 151 828 
221 422 424 737 
222 114 5 161 
223 267 288 721 
224 691 1057 1105 
225 977 1036 1094 
226 714 17 992 
227 264 267 991 
228 756 682 1124 
229 1057 191 1105 
230 381 744 866 
231 748 623 1093 
232 660 711 730 
233 307 789 944 
234 762 160 859 
235 682 1096 1124 
236 539 732 735 
237 539 731 732 
238 186 188 745 
239 865 1054 1097 
240 1056 614 1068 
241 694 338 943 
242 660 730 835 
243 123 768 907 
244 145 693 1072 
245 267 721 991 
246 692 775 987 
247 38 133 1127 
248 591 532 866 
249 247 245 950 
250 746 535 1024 
251 1088 127 1096 
252 690 513 737 
253 708 399 745 
254 910 659 1120 
255 710 122 989 
256 761 759 1139 
257 809 191 1057 
258 115 712 810 
259 955 156 987 
260 682 1088 1096 
261 1020 622 1027 
262 159 60 985 
263 565 809 1064 
264 1054 200 1097 
265 191 809 1062 
266 1036 838 1094 
267 1017 624 1020 
268 622 623 1027 
269 16 17 714 
270 809 565 1062 
271 883 882 899 
272 184 399 949 
273 734 566 746 
274 730 434 835 
275 122 976 989 
276 624 622 1020 
277 124 770 1014 
278 539 441 734 
279 713 763 966 
280 14 15 867 
281 734 746 1024 
282 702 101 1048 
283 558 457 749 
284 556 683 749 
285 149 16 714 
286 699 760 845 
287 149 700 867 
288 138 161 1117 
289 12 13 825 
290 711 660 810 
291 720 159 985 
292 431 434 982 
293 1033 868 1085 
294 616 976 1022 
295 760 524 845 
296 787 792 939 
297 1055 416 1069 
298 399 706 949 
299 18 121 992 
300 326 686 1106 
301 697 1027 1129 
302 1007 139 1052 
303 101 702 1128 
304 763 583 966 
305 891 855 1074 
306 399 186 745 
307 1017 822 1023 
308 116 727 825 
309 699 698 714 
310 434 730 982 
311 686 326 1110 
312 150 725 726 
313 792 307 939 
314 787 402 824 
315 478 876 1001 
316 188 192 745 
317 800 139 1007 
318 740 116 867 
319 144 701 1030 
320 770 124 1084 
321 733 1007 1052 
322 678 1082 1098 
323 265 722 979 
324 144 778 1077 
325 972 751 1013 
326 139 800 1002 
327 760 699 992 
328 674 591 866 
329 3 79 934 
330 192 194 1010 
331 52 53 828 
332 652 1065 1072 
333 564 1090 1101 
334 532 684 866 
335 78 3 934 
336 121 760 992 
337 660 659 810 
338 757 616 1022 
339 1132 709 1137 
340 784 469 786 
341 976 616 989 
342 709 752 1137 
343 701 144 1077 
344 624 1017 1023 
345 506 505 884 
346 24 6 859 
347 402 787 939 
348 611 729 829 
349 1046 308 1051 
350 822 347 834 
351 467 554 788 
352 1101 848 1114 
353 807 265 979 
354 150 12 825 
355 751 750 1013 
356 116 14 867 
357 786 469 788 
358 491 578 826 
359 199 736 924 
360 13 116 825 
361 153 770 1084 
362 642 1099 1118 
363 821 347 822 
364 1039 689 1040 
365 15 149 867 
366 770 153 1120 
367 683 720 749 
368 695 1046 1051 
369 150 726 819 
370 788 789 792 
371 469 784 898 
372 159 719 1107 
373 265 264 991 
374 765 535 997 
375 785 787 824 
376 848 117 1114 
377 741 130 946 
378 883 646 1079 
379 615 926 1061 
380 610 1033 1085 
381 628 508 735 
382 911 1039 1040 
383 725 150 825 
384 784 782 898 
385 1082 634 1098 
386 130 871 946 
387 524 729 845 
388 636 702 1048 
389 655 1056 1068 
390 821 803 879 
391 1032 1008 1044 
392 876 614 1001 
393 1061 926 1087 
394 347 821 879 
395 508 539 735 
396 9 130 741 
397 60 2 985 
398 469 467 788 
399 852 1055 1069 
400 615 838 1036 
401 712 711 810 
402 142 697 1129 
403 712 115 1060 
404 788 554 789 
405 652 718 1065 
406 791 542 823 
407 731 539 734 
408 705 688 884 
409 729 771 829 
410 143 26 738 
411 1090 848 1101 
412 838 615 1061 
413 156 723 987 
414 8 9 741 
415 727 740 826 
416 904 676 1125 
417 53 120 828 
418 151 52 828 
419 667 665 767 
420 700 740 867 
421 745 192 1010 
422 553 856 896 
423 815 932 980 
424 133 912 1127 
425 791 823 841 
426 755 640 905 
427 465 755 905 
428 160 24 859 
429 126 705 1067 
430 230 696 1126 
431 490 491 826 
432 10 11 819 
433 699 714 992 
434 729 611 845 
435 578 727 826 
436 505 627 884 
437 688 506 884 
438 535 746 997 
439 350 857 920 
440 542 791 824 
441 490 739 832 
442 350 856 857 
443 315 239 1080 
444 696 230 1134 
445 141 720 985 
446 858 230 1115 
447 153 910 1120 
448 77 158 742 
449 549 776 963 
450 827 935 958 
451 670 667 767 
452 791 785 824 
453 432 431 982 
454 5 7 161 
455 226 233 872 
456 718 69 1065 
457 6 25 859 
458 442 814 815 
459 583 464 966 
460 249 937 951 
461 722 265 991 
462 381 380 744 
463 844 892 931 
464 836 619 929 
465 776 593 963 
466 1115 230 1126 
467 553 818 856 
468 29 142 747 
469 937 619 951 
470 465 753 755 
471 376 396 793 
472 130 10 819 
473 836 248 892 
474 823 228 841 
475 932 234 980 
476 739 490 826 
477 767 432 975 
478 856 350 896 
479 374 376 793 
480 130 819 871 
481 782 793 898 
482 814 442 894 
483 320 381 758 
484 429 432 766 
485 454 387 771 
486 410 779 780 
487 729 454 771 
488 665 766 767 
489 161 157 162 
490 292 309 889 
491 542 824 925 
492 11 150 819 
493 25 26 143 
494 762 583 763 
495 614 876 1068 
496 331 276 764 
497 786 788 792 
498 803 297 879 
499 824 402 925 
500 27 131 738 
501 929 619 937 
502 854 655 1068 
503 464 447 842 
504 7 157 161 
505 736 690 737 
506 613 466 832 
507 297 803 958 
508 755 754 986 
509 314 280 774 
510 157 8 741 
511 787 786 792 
512 428 429 766 
513 1099 796 1118 
514 753 465 801 
515 766 432 767 
516 262 265 807 
517 495 590 769 
518 877 777 947 
519 819 726 871 
520 759 524 760 
521 473 877 947 
522 843 814 894 
523 414 372 804 
524 633 759 761 
525 789 554 790 
526 224 226 872 
527 935 297 958 
528 504 524 759 
529 1025 482 1029 
530 280 278 774 
531 212 257 777 
532 892 248 931 
533 739 613 832 
534 261 262 807 
535 77 78 158 
536 296 292 889 
537 871 533 946 
538 131 747 748 
539 768 123 1018 
540 442 815 872 
541 453 387 454 
542 346 401 765 
543 31 119 772 
544 671 679 768 
545 430 427 805 
546 633 504 759 
547 818 553 887 
548 135 76 742 
549 804 372 827 
550 412 520 521 
551 562 979 990 
552 140 95 775 
553 131 28 747 
554 811 478 813 
555 562 423 806 
556 256 781 782 
557 248 836 929 
558 300 320 758 
559 521 625 661 
560 870 533 871 
561 727 725 825 
562 276 274 764 
563 410 196 779 
564 912 133 1116 
565 427 425 805 
566 453 454 504 
567 256 254 781 
568 504 454 524 
569 27 28 131 
570 629 808 809 
571 521 520 625 
572 144 90 778 
573 233 442 872 
574 794 673 795 
575 295 314 923 
576 472 620 621 
577 94 95 140 
578 278 331 774 
579 655 854 1071 
580 208 212 777 
581 26 27 738 
582 423 335 806 
583 661 625 723 
584 279 278 280 
585 676 904 1135 
586 294 280 295 
587 145 71 798 
588 391 611 829 
589 279 280 294 
590 463 471 472 
591 669 673 794 
592 277 276 278 
593 779 544 780 
594 380 412 744 
595 387 323 771 
596 629 603 808 
597 277 278 279 
598 395 394 801 
599 294 295 302 
600 472 471 620 
601 732 621 733 
602 1108 1102 1131 
603 496 660 835 
604 25 143 859 
605 558 749 750 
606 302 295 303 
607 804 827 958 
608 668 667 669 
609 742 158 1070 
610 7 8 157 
611 279 294 816 
612 666 665 667 
613 337 391 829 
614 455 496 835 
615 302 303 323 
616 781 374 793 
617 673 671 768 
618 496 494 658 
619 338 243 831 
620 484 559 773 
621 731 621 732 
622 543 504 633 
623 323 303 324 
624 559 803 821 
625 344 478 811 
626 320 380 381 
627 428 427 429 
628 1010 410 1012 
629 545 797 833 
630 975 432 982 
631 426 425 427 
632 406 490 832 
633 636 637 702 
634 119 32 817 
635 204 544 779 
636 669 670 671 
637 323 324 771 
638 288 300 301 
639 274 308 764 
640 316 283 860 
641 691 596 830 
642 424 423 425 
643 278 276 331 
644 301 300 758 
645 783 791 841 
646 466 392 832 
647 771 324 829 
648 612 613 698 
649 496 658 659 
650 977 569 988 
651 391 392 466 
652 671 672 679 
653 664 500 665 
654 658 769 770 
655 261 260 262 
656 698 613 700 
657 142 30 772 
658 259 258 260 
659 534 464 583 
660 391 384 392 
661 256 783 841 
662 773 559 821 
663 76 77 742 
664 29 30 142 
665 455 494 496 
666 461 463 535 
667 490 488 491 
668 612 466 613 
669 431 433 434 
670 394 440 801 
671 590 591 636 
672 429 430 431 
673 666 667 668 
674 668 669 794 
675 75 76 135 
676 596 598 830 
677 256 782 783 
678 337 384 391 
679 477 414 804 
680 257 217 258 
681 132 850 851 
682 669 671 673 
683 429 431 432 
684 412 521 744 
685 455 456 494 
686 664 665 666 
687 310 293 909 
688 324 336 337 
689 406 488 490 
690 132 65 850 
691 275 276 277 
692 426 427 428 
693 422 335 423 
694 783 782 784 
695 463 462 471 
696 544 208 777 
697 135 742 1049 
698 578 577 579 
699 461 462 463 
700 309 346 889 
701 680 711 712 
702 424 425 426 
703 500 428 766 
704 493 484 773 
705 365 481 833 
706 204 207 208 
707 785 784 786 
708 346 765 889 
709 440 540 801 
710 337 383 384 
711 91 127 778 
712 208 211 212 
713 425 562 805 
714 212 216 217 
715 844 797 892 
716 503 649 818 
717 355 353 827 
718 259 260 261 
719 209 214 887 
720 783 784 785 
721 491 577 578 
722 254 286 781 
723 785 786 787 
724 257 258 259 
725 422 423 424 
726 725 579 726 
727 320 332 380 
728 300 317 320 
729 578 579 725 
730 288 298 300 
731 392 405 406 
732 335 333 806 
733 262 264 265 
734 406 487 488 
735 465 395 801 
736 262 263 264 
737 91 92 127 
738 435 437 455 
739 212 217 257 
740 773 821 822 
741 495 532 590 
742 494 495 769 
743 204 208 544 
744 484 480 559 
745 267 281 288 
746 275 274 276 
747 491 576 577 
748 611 466 612 
749 467 468 554 
750 372 355 827 
751 669 667 670 
752 472 621 731 
753 492 484 493 
754 72 122 798 
755 388 387 453 
756 283 252 860 
757 403 404 467 
758 295 280 314 
759 665 500 766 
760 403 398 404 
761 95 96 775 
762 198 204 779 
763 274 272 308 
764 264 266 267 
765 467 404 468 
766 286 373 374 
767 396 395 398 
768 553 209 887 
769 481 545 833 
770 286 374 781 
771 333 261 807 
772 700 739 740 
773 396 398 403 
774 632 574 865 
775 410 780 1012 
776 342 344 811 
777 671 670 672 
778 401 461 765 
779 196 198 779 
780 374 375 376 
781 28 29 747 
782 216 228 823 
783 198 203 204 
784 549 618 776 
785 425 423 562 
786 293 382 909 
787 541 814 843 
788 793 396 898 
789 72 73 122 
790 540 628 687 
791 679 672 680 
792 429 427 430 
793 470 853 854 
794 780 544 877 
795 839 316 860 
796 340 541 843 
797 273 272 274 
798 470 390 853 
799 376 394 395 
800 697 142 1130 
801 194 196 410 
802 540 753 801 
803 782 781 793 
804 440 508 540 
805 376 395 396 
806 813 478 1001 
807 228 235 841 
808 483 480 484 
809 487 575 820 
810 658 494 769 
811 434 435 835 
812 339 709 1132 
813 503 648 649 
814 847 117 848 
815 271 270 272 
816 434 433 435 
817 431 430 433 
818 601 603 629 
819 146 34 837 
820 235 254 256 
821 753 687 754 
822 438 503 818 
823 524 454 729 
824 540 508 628 
825 380 411 412 
826 528 756 885 
827 812 811 813 
828 401 460 461 
829 31 32 119 
830 449 447 464 
831 806 333 807 
832 158 934 1092 
833 9 10 130 
834 806 807 979 
835 603 605 808 
836 241 239 315 
837 636 591 637 
838 797 545 892 
839 541 811 812 
840 494 456 495 
841 503 647 648 
842 33 146 817 
843 67 117 847 
844 536 619 836 
845 895 555 916 
846 344 389 478 
847 169 167 961 
848 337 336 383 
849 70 71 145 
850 605 676 703 
851 438 502 503 
852 89 90 144 
853 65 66 850 
854 438 818 887 
855 324 303 336 
856 479 477 480 
857 204 203 207 
858 258 217 542 
859 541 342 811 
860 605 703 808 
861 208 207 211 
862 455 437 456 
863 612 698 699 
864 374 373 375 
865 376 375 394 
866 478 389 876 
867 598 601 830 
868 324 337 829 
869 262 260 263 
870 319 316 839 
871 162 164 642 
872 340 342 541 
873 412 518 520 
874 716 583 762 
875 392 406 832 
876 212 211 216 
877 837 125 838 
878 540 687 753 
879 818 649 856 
880 601 629 830 
881 361 365 833 
882 590 532 591 
883 499 428 500 
884 245 243 338 
885 618 550 919 
886 486 639 728 
887 491 488 576 
888 695 1051 1053 
889 269 251 270 
890 662 500 664 
891 753 754 755 
892 392 384 405 
893 644 839 840 
894 30 31 772 
895 536 551 619 
896 802 477 804 
897 480 477 802 
898 468 485 486 
899 435 455 835 
900 398 395 465 
901 543 633 713 
902 406 405 487 
903 373 287 921 
904 352 354 844 
905 273 274 275 
906 545 836 892 
907 814 812 815 
908 344 345 389 
909 492 493 512 
910 313 261 333 
911 391 466 611 
912 389 390 470 
913 559 802 803 
914 342 343 344 
915 421 335 422 
916 40 147 846 
917 856 649 857 
918 285 415 438 
919 862 863 864 
920 509 329 594 
921 536 482 551 
922 365 367 481 
923 354 357 844 
924 700 613 739 
925 481 482 536 
926 90 91 778 
927 340 341 342 
928 334 333 335 
929 620 799 800 
930 543 713 966 
931 235 256 841 
932 71 72 798 
933 357 797 844 
934 595 596 691 
935 33 34 146 
936 481 367 482 
937 461 460 462 
938 215 210 861 
939 443 319 839 
940 325 323 387 
941 32 33 817 
942 643 443 644 
943 777 257 947 
944 348 895 916 
945 306 843 894 
946 545 536 836 
947 851 849 852 
948 476 414 477 
949 644 443 839 
950 241 315 831 
951 578 725 727 
952 574 585 865 
953 271 272 273 
954 847 848 849 
955 440 441 508 
956 243 241 831 
957 67 68 117 
958 147 41 855 
959 312 340 843 
960 390 459 853 
961 522 704 927 
962 775 96 955 
963 461 535 765 
964 264 263 266 
965 468 404 485 
966 269 270 271 
967 172 230 858 
968 35 125 837 
969 740 739 826 
970 357 359 797 
971 365 366 367 
972 558 750 751 
973 483 484 492 
974 66 67 847 
975 214 285 887 
976 459 678 853 
977 783 785 791 
978 221 215 861 
979 503 502 647 
980 581 513 690 
981 312 322 340 
982 306 312 843 
983 11 12 150 
984 275 277 834 
985 299 279 816 
986 459 538 678 
987 288 281 298 
988 300 298 317 
989 815 812 932 
990 862 129 863 
991 87 88 118 
992 320 317 332 
993 403 467 469 
994 479 480 483 
995 453 504 543 
996 598 600 601 
997 34 35 837 
998 148 862 864 
999 267 266 281 
1000 509 594 654 
1001 133 39 846 
1002 438 415 502 
1003 41 42 855 
1004 361 363 365 
1005 496 659 660 
1006 40 41 147 
1007 541 812 814 
1008 258 542 925 
1009 405 384 913 
1010 481 536 545 
1011 559 480 802 
1012 486 485 639 
1013 797 359 833 
1014 601 602 603 
1015 452 386 880 
1016 398 465 905 
1017 585 587 595 
1018 561 560 568 
1019 394 397 440 
1020 344 343 345 
1021 38 39 133 
1022 603 604 605 
1023 794 795 796 
1024 605 675 676 
1025 277 299 834 
1026 64 65 132 
1027 442 253 894 
1028 35 36 125 
1029 342 341 343 
1030 389 345 390 
1031 329 310 909 
1032 39 40 846 
1033 66 847 850 
1034 340 322 341 
1035 476 477 479 
1036 178 180 199 
1037 263 260 925 
1038 318 379 886 
1039 926 641 1087 
1040 232 227 237 
1041 840 839 860 
1042 339 221 861 
1043 158 78 934 
1044 347 275 834 
1045 365 363 366 
1046 367 366 368 
1047 418 506 588 
1048 680 681 711 
1049 547 549 963 
1050 223 221 339 
1051 617 728 1028 
1052 526 516 560 
1053 273 275 347 
1054 585 595 865 
1055 780 877 998 
1056 57 129 862 
1057 277 279 299 
1058 489 405 913 
1059 359 361 833 
1060 238 237 239 
1061 87 118 869 
1062 57 58 129 
1063 184 186 399 
1064 61 62 141 
1065 501 443 643 
1066 516 452 880 
1067 48 49 873 
1068 192 193 194 
1069 666 668 686 
1070 148 56 862 
1071 56 57 862 
1072 59 60 159 
1073 198 201 203 
1074 485 404 905 
1075 517 874 875 
1076 216 218 228 
1077 409 319 443 
1078 286 287 373 
1079 172 174 230 
1080 435 436 437 
1081 55 56 148 
1082 240 239 241 
1083 850 849 851 
1084 379 420 886 
1085 529 757 914 
1086 259 261 313 
1087 194 195 196 
1088 639 640 701 
1089 196 197 198 
1090 726 579 870 
1091 170 172 858 
1092 176 178 924 
1093 55 148 868 
1094 54 55 868 
1095 882 582 899 
1096 205 553 896 
1097 166 168 326 
1098 242 241 243 
1099 544 777 877 
1100 549 550 618 
1101 640 485 905 
1102 420 507 567 
1103 162 157 163 
1104 426 428 499 
1105 357 358 359 
1106 228 229 235 
1107 53 54 120 
1108 389 470 876 
1109 354 356 357 
1110 572 574 632 
1111 588 506 589 
1112 120 54 868 
1113 451 514 517 
1114 217 216 823 
1115 407 552 900 
1116 352 844 931 
1117 840 860 954 
1118 235 236 254 
1119 254 255 286 
1120 378 993 1000 
1121 457 408 555 
1122 560 516 880 
1123 359 360 361 
1124 547 548 549 
1125 51 52 151 
1126 383 546 547 
1127 550 572 919 
1128 233 253 442 
1129 48 873 878 
1130 167 533 961 
1131 188 190 192 
1132 291 289 890 
1133 285 438 887 
1134 517 875 948 
1135 47 48 878 
1136 86 87 869 
1137 49 126 873 
1138 361 362 363 
1139 244 243 245 
1140 181 213 941 
1141 205 209 553 
1142 430 805 952 
1143 526 560 561 
1144 285 349 415 
1145 487 489 575 
1146 290 292 296 
1147 556 555 557 
1148 13 14 116 
1149 495 531 532 
1150 49 50 126 
1151 488 487 820 
1152 402 263 925 
1153 334 335 421 
1154 561 568 569 
1155 555 408 916 
1156 253 284 894 
1157 421 422 513 
1158 368 417 418 
1159 595 587 596 
1160 214 219 285 
1161 601 600 602 
1162 440 397 441 
1163 330 329 509 
1164 726 870 871 
1165 162 163 164 
1166 313 333 334 
1167 847 849 850 
1168 517 514 874 
1169 246 245 247 
1170 499 500 662 
1171 575 593 650 
1172 220 215 221 
1173 418 505 506 
1174 359 358 360 
1175 284 305 306 
1176 501 643 645 
1177 361 360 362 
1178 328 310 329 
1179 409 443 501 
1180 581 690 715 
1181 603 602 604 
1182 363 362 385 
1183 407 445 552 
1184 357 356 358 
1185 605 604 675 
1186 568 560 953 
1187 420 567 886 
1188 522 592 704 
1189 154 86 869 
1190 567 507 570 
1191 382 291 890 
1192 306 311 312 
1193 394 375 397 
1194 250 247 251 
1195 514 582 874 
1196 46 47 137 
1197 732 733 1066 
1198 268 251 269 
1199 589 688 689 
1200 471 462 609 
1201 368 366 417 
1202 312 321 322 
1203 457 555 556 
1204 206 202 369 
1205 232 237 238 
1206 302 323 325 
1207 380 332 411 
1208 525 635 646 
1209 383 547 913 
1210 528 682 756 
1211 418 417 505 
1212 589 506 688 
1213 85 86 154 
1214 396 403 898 
1215 653 512 697 
1216 639 485 640 
1217 505 417 626 
1218 514 515 582 
1219 390 458 459 
1220 979 722 990 
1221 287 290 921 
1222 45 46 881 
1223 556 557 638 
1224 273 347 879 
1225 43 44 891 
1226 451 452 514 
1227 207 203 350 
1228 556 638 683 
1229 413 372 414 
1230 620 471 799 
1231 137 47 878 
1232 293 291 382 
1233 505 626 627 
1234 304 283 316 
1235 309 327 346 
1236 379 419 420 
1237 625 520 692 
1238 318 316 319 
1239 385 386 451 
1240 371 355 372 
1241 611 612 845 
1242 343 341 416 
1243 474 414 476 
1244 893 385 928 
1245 407 321 408 
1246 497 419 498 
1247 464 842 966 
1248 420 497 507 
1249 346 400 401 
1250 385 362 386 
1251 445 408 457 
1252 379 319 409 
1253 306 305 311 
1254 557 555 895 
1255 459 537 538 
1256 451 517 928 
1257 260 258 925 
1258 404 398 905 
1259 285 219 349 
1260 192 190 193 
1261 312 311 321 
1262 509 654 655 
1263 44 45 155 
1264 683 638 719 
1265 538 651 652 
1266 222 221 223 
1267 322 321 407 
1268 827 353 935 
1269 515 452 516 
1270 594 329 909 
1271 363 385 893 
1272 508 441 539 
1273 284 306 894 
1274 238 239 240 
1275 445 457 558 
1276 269 271 297 
1277 705 126 1119 
1278 525 516 526 
1279 240 241 242 
1280 384 383 913 
1281 216 211 218 
1282 242 243 244 
1283 360 358 364 
1284 923 314 959 
1285 194 193 195 
1286 435 433 436 
1287 407 408 445 
1288 366 363 893 
1289 318 319 379 
1290 656 569 657 
1291 393 511 630 
1292 311 305 348 
1293 155 882 883 
1294 390 345 458 
1295 220 221 222 
1296 451 386 452 
1297 401 439 460 
1298 171 377 956 
1299 420 419 497 
1300 680 672 681 
1301 231 227 232 
1302 284 304 305 
1303 507 497 610 
1304 514 452 515 
1305 196 195 197 
1306 379 409 419 
1307 607 519 608 
1308 226 231 233 
1309 596 597 598 
1310 198 197 201 
1311 572 632 919 
1312 253 283 284 
1313 1087 641 1104 
1314 598 599 600 
1315 284 283 304 
1316 354 355 356 
1317 244 245 246 
1318 903 364 953 
1319 352 353 354 
1320 561 569 656 
1321 525 646 899 
1322 304 316 318 
1323 303 295 923 
1324 631 693 710 
1325 415 349 444 
1326 417 366 893 
1327 185 183 351 
1328 515 516 525 
1329 328 329 330 
1330 525 526 635 
1331 181 179 213 
1332 290 296 921 
1333 246 247 250 
1334 226 225 227 
1335 723 625 987 
1336 369 202 940 
1337 656 657 743 
1338 250 251 268 
1339 253 252 283 
1340 233 252 253 
1341 675 677 709 
1342 226 227 231 
1343 626 893 928 
1344 542 217 823 
1345 135 757 1022 
1346 178 199 924 
1347 46 137 881 
1348 371 372 413 
1349 816 294 967 
1350 626 417 893 
1351 495 456 531 
1352 244 246 248 
1353 413 474 475 
1354 861 210 904 
1355 250 268 352 
1356 812 813 932 
1357 224 223 225 
1358 645 1025 1029 
1359 383 336 546 
1360 228 218 229 
1361 409 501 897 
1362 487 405 489 
1363 155 881 882 
1364 233 231 252 
1365 84 85 888 
1366 459 458 537 
1367 203 201 896 
1368 644 1009 1021 
1369 352 268 353 
1370 537 458 564 
1371 413 414 474 
1372 222 223 224 
1373 268 269 935 
1374 474 476 615 
1375 219 215 220 
1376 322 407 900 
1377 880 386 903 
1378 206 369 904 
1379 538 537 651 
1380 341 322 900 
1381 358 356 901 
1382 549 548 550 
1383 194 410 1010 
1384 220 222 234 
1385 362 360 903 
1386 238 240 249 
1387 354 353 355 
1388 576 488 820 
1389 106 107 115 
1390 356 355 371 
1391 479 483 641 
1392 214 210 215 
1393 108 109 152 
1394 890 289 957 
1395 15 16 149 
1396 447 388 842 
1397 675 604 677 
1398 582 515 899 
1399 109 110 907 
1400 393 630 938 
1401 498 419 897 
1402 189 187 200 
1403 209 206 210 
1404 711 681 730 
1405 105 106 910 
1406 224 225 226 
1407 110 111 123 
1408 403 469 898 
1409 444 349 563 
1410 412 411 518 
1411 271 273 879 
1412 235 229 236 
1413 190 189 191 
1414 205 202 206 
1415 709 677 752 
1416 602 600 685 
1417 163 157 741 
1418 526 561 912 
1419 104 105 153 
1420 575 489 593 
1421 419 409 897 
1422 416 341 900 
1423 214 215 219 
1424 188 189 190 
1425 803 802 958 
1426 346 327 400 
1427 437 436 522 
1428 580 622 624 
1429 209 210 214 
1430 652 651 718 
1431 547 546 548 
1432 497 498 911 
1433 201 202 205 
1434 164 163 165 
1435 385 451 928 
1436 195 193 565 
1437 205 206 209 
1438 529 616 757 
1439 155 45 881 
1440 201 197 202 
1441 353 268 935 
1442 444 563 614 
1443 201 205 896 
1444 188 187 189 
1445 880 903 953 
1446 175 173 282 
1447 44 155 891 
1448 259 313 947 
1449 186 187 188 
1450 297 271 879 
1451 102 103 124 
1452 111 112 906 
1453 475 977 988 
1454 704 592 721 
1455 373 921 942 
1456 266 263 402 
1457 345 343 908 
1458 254 236 255 
1459 408 321 916 
1460 183 181 941 
1461 386 362 903 
1462 840 954 965 
1463 635 526 912 
1464 492 512 653 
1465 612 699 845 
1466 631 511 634 
1467 596 587 597 
1468 286 255 287 
1469 617 608 724 
1470 630 511 631 
1471 471 609 799 
1472 523 513 581 
1473 164 165 166 
1474 610 497 911 
1475 401 400 439 
1476 318 886 917 
1477 515 525 899 
1478 360 364 903 
1479 298 281 307 
1480 321 311 916 
1481 364 358 901 
1482 393 330 510 
1483 327 310 328 
1484 328 330 393 
1485 356 371 901 
1486 348 305 917 
1487 585 586 587 
1488 343 416 908 
1489 305 304 917 
1490 269 297 935 
1491 311 348 916 
1492 368 418 969 
1493 441 397 566 
1494 210 206 904 
1495 637 591 674 
1496 561 656 912 
1497 332 317 370 
1498 532 531 684 
1499 631 634 693 
1500 112 113 915 
1501 529 439 530 
1502 242 244 929 
1503 350 203 896 
1504 83 84 128 
1505 598 597 599 
1506 304 318 917 
1507 449 464 534 
1508 393 510 511 
1509 663 662 696 
1510 528 519 607 
1511 746 566 970 
1512 171 169 377 
1513 607 608 617 
1514 448 450 580 
1515 186 185 187 
1516 397 375 942 
1517 85 154 888 
1518 309 293 310 
1519 458 345 908 
1520 476 479 926 
1521 528 607 682 
1522 737 424 1035 
1523 460 439 529 
1524 184 185 186 
1525 523 706 707 
1526 244 248 929 
1527 615 476 926 
1528 309 310 327 
1529 950 695 1053 
1530 574 584 585 
1531 182 183 184 
1532 375 373 942 
1533 599 597 606 
1534 207 350 920 
1535 180 181 182 
1536 313 334 473 
1537 349 219 918 
1538 220 234 918 
1539 325 387 388 
1540 219 220 918 
1541 604 602 930 
1542 178 179 180 
1543 600 599 943 
1544 972 132 1008 
1545 518 528 885 
1546 113 114 138 
1547 211 207 920 
1548 489 913 963 
1549 64 132 972 
1550 257 259 947 
1551 694 606 695 
1552 421 513 523 
1553 932 813 999 
1554 155 883 891 
1555 377 169 961 
1556 413 475 922 
1557 292 293 309 
1558 313 473 947 
1559 176 177 178 
1560 248 246 931 
1561 292 291 293 
1562 587 586 902 
1563 351 183 941 
1564 371 413 922 
1565 901 371 922 
1566 185 351 933 
1567 250 352 931 
1568 564 458 908 
1569 581 715 949 
1570 518 519 528 
1571 173 171 956 
1572 287 289 290 
1573 290 289 291 
1574 218 211 920 
1575 563 349 918 
1576 287 255 289 
1577 550 571 572 
1578 599 606 694 
1579 860 252 954 
1580 167 165 533 
1581 249 240 937 
1582 99 100 134 
1583 928 517 948 
1584 290 291 292 
1585 627 626 948 
1586 619 551 951 
1587 572 573 574 
1588 388 453 842 
1589 437 522 927 
1590 462 460 914 
1591 246 250 931 
1592 499 662 663 
1593 184 183 185 
1594 593 489 963 
1595 597 587 902 
1596 236 229 378 
1597 240 242 937 
1598 523 581 706 
1599 872 815 980 
1600 522 527 592 
1601 456 437 927 
1602 252 231 954 
1603 479 641 926 
1604 533 870 961 
1605 707 706 708 
1606 550 548 571 
1607 685 600 943 
1608 460 529 914 
1609 336 303 923 
1610 174 175 176 
1611 166 167 168 
1612 200 187 933 
1613 522 436 527 
1614 677 604 930 
1615 483 492 936 
1616 182 181 183 
1617 166 165 167 
1618 670 767 975 
1619 520 518 885 
1620 694 695 950 
1621 585 584 586 
1622 602 685 930 
1623 529 530 616 
1624 180 179 181 
1625 486 724 1063 
1626 242 929 937 
1627 534 583 716 
1628 842 543 966 
1629 178 177 179 
1630 626 928 948 
1631 566 397 942 
1632 106 115 910 
1633 580 450 622 
1634 152 109 907 
1635 172 173 174 
1636 976 74 1022 
1637 110 123 907 
1638 202 197 940 
1639 719 129 1107 
1640 592 527 722 
1641 609 462 914 
1642 433 430 952 
1643 531 456 927 
1644 328 393 938 
1645 195 565 940 
1646 153 105 910 
1647 73 74 976 
1648 572 571 573 
1649 197 195 940 
1650 168 169 170 
1651 654 594 1045 
1652 802 804 958 
1653 327 328 938 
1654 641 483 936 
1655 170 171 172 
1656 231 232 954 
1657 546 336 923 
1658 574 573 584 
1659 187 185 933 
1660 176 175 177 
1661 123 111 906 
1662 599 694 943 
1663 518 411 519 
1664 18 19 121 
1665 281 266 939 
1666 400 327 938 
1667 761 20 1081 
1668 128 84 888 
1669 706 581 949 
1670 590 636 1014 
1671 334 421 945 
1672 560 880 953 
1673 622 450 623 
1674 606 597 902 
1675 168 167 169 
1676 999 813 1001 
1677 174 173 175 
1678 492 653 936 
1679 971 567 984 
1680 608 519 962 
1681 568 953 964 
1682 307 281 939 
1683 317 298 944 
1684 282 173 956 
1685 266 402 939 
1686 172 171 173 
1687 889 765 997 
1688 566 942 970 
1689 906 112 915 
1690 294 302 967 
1691 80 81 139 
1692 170 169 171 
1693 298 307 944 
1694 238 249 965 
1695 942 921 970 
1696 805 562 990 
1697 870 579 978 
1698 370 317 944 
1699 820 1004 1011 
1700 436 433 952 
1701 886 567 971 
1702 1049 742 1070 
1703 302 325 967 
1704 523 707 945 
1705 165 163 946 
1706 473 334 945 
1707 163 741 946 
1708 448 449 450 
1709 421 523 945 
1710 113 138 915 
1711 314 774 995 
1712 954 232 965 
1713 672 670 975 
1714 530 439 968 
1715 364 901 964 
1716 411 332 962 
1717 733 621 1007 
1718 750 141 1013 
1719 61 141 985 
1720 448 447 449 
1721 927 704 960 
1722 948 875 973 
1723 446 388 447 
1724 780 998 1012 
1725 418 588 969 
1726 519 411 962 
1727 97 98 156 
1728 692 520 885 
1729 332 370 962 
1730 620 800 1007 
1731 331 764 1026 
1732 913 547 963 
1733 289 255 957 
1734 961 870 978 
1735 232 238 965 
1736 938 630 968 
1737 533 165 946 
1738 224 872 980 
1739 953 364 964 
1740 562 806 979 
1741 255 236 957 
1742 530 968 983 
1743 588 589 1037 
1744 325 388 446 
1745 993 857 1000 
1746 640 755 986 
1747 527 436 952 
1748 569 568 988 
1749 222 224 980 
1750 723 156 1058 
1751 453 543 842 
1752 236 378 957 
1753 751 972 1008 
1754 548 546 959 
1755 631 710 983 
1756 654 1045 1050 
1757 400 938 968 
1758 446 447 448 
1759 934 79 1002 
1760 901 922 964 
1761 348 917 971 
1762 571 548 959 
1763 770 769 1014 
1764 684 531 960 
1765 439 400 968 
1766 895 971 984 
1767 575 650 1004 
1768 895 348 971 
1769 649 648 1000 
1770 579 577 978 
1771 917 886 971 
1772 531 927 960 
1773 1037 589 1039 
1774 63 64 972 
1775 644 840 1009 
1776 546 923 959 
1777 325 446 967 
1778 21 22 136 
1779 968 630 983 
1780 122 73 976 
1781 589 689 1039 
1782 731 734 1024 
1783 743 657 1075 
1784 920 857 993 
1785 764 308 1038 
1786 921 296 970 
1787 623 450 974 
1788 681 672 975 
1789 773 822 1017 
1790 577 576 994 
1791 75 135 1022 
1792 567 570 984 
1793 1050 444 1056 
1794 534 716 717 
1795 627 948 973 
1796 657 569 977 
1797 774 331 1016 
1798 795 673 1018 
1799 449 534 974 
1800 96 4 955 
1801 969 588 1031 
1802 535 463 1024 
1803 450 449 974 
1804 234 222 980 
1805 1031 588 1037 
1806 730 681 982 
1807 592 722 991 
1808 368 969 1029 
1809 22 23 981 
1810 534 717 974 
1811 952 805 990 
1812 630 631 983 
1813 557 895 984 
1814 218 920 993 
1815 378 229 993 
1816 448 580 996 
1817 733 1005 1066 
1818 141 62 1013 
1819 82 83 1005 
1820 1070 158 1092 
1821 326 796 1099 
1822 681 975 982 
1823 151 705 1119 
1824 527 952 990 
1825 571 959 995 
1826 472 731 1024 
1827 2 61 985 
1828 1075 657 1094 
1829 964 922 988 
1830 20 761 1139 
1831 959 314 995 
1832 568 964 988 
1833 701 640 986 
1834 377 961 978 
1835 79 80 1002 
1836 983 710 989 
1837 705 884 1067 
1838 370 790 1059 
1839 969 645 1029 
1840 234 932 999 
1841 816 967 996 
1842 918 234 999 
1843 23 24 160 
1844 796 326 1106 
1845 1004 282 1011 
1846 482 367 1029 
1847 89 144 1030 
1848 996 580 1006 
1849 716 143 1136 
1850 82 1005 1052 
1851 638 557 1019 
1852 552 1032 1044 
1853 970 296 997 
1854 625 692 987 
1855 922 475 988 
1856 746 970 997 
1857 877 473 998 
1858 616 530 989 
1859 4 97 955 
1860 118 88 1030 
1861 721 592 991 
1862 722 527 990 
1863 123 906 1018 
1864 63 972 1013 
1865 1016 331 1026 
1866 37 743 1075 
1867 229 218 993 
1868 530 983 989 
1869 708 1010 1012 
1870 1038 308 1046 
1871 580 624 1006 
1872 691 830 1057 
1873 296 889 997 
1874 978 577 994 
1875 967 446 996 
1876 576 820 1011 
1877 638 1019 1112 
1878 629 809 1057 
1879 1009 951 1021 
1880 994 576 1011 
1881 956 377 994 
1882 69 718 1141 
1883 377 978 994 
1884 757 135 1049 
1885 995 774 1016 
1886 558 751 1032 
1887 1104 936 1111 
1888 501 645 1031 
1889 445 558 1032 
1890 424 426 1035 
1891 473 945 998 
1892 308 272 1051 
1893 1026 764 1038 
1894 573 571 995 
1895 594 909 1042 
1896 136 22 981 
1897 747 142 1129 
1898 857 649 1000 
1899 809 808 1064 
1900 582 882 1043 
1901 816 996 1006 
1902 175 282 1015 
1903 446 448 996 
1904 140 756 1124 
1905 474 615 1036 
1906 865 595 1054 
1907 251 247 1053 
1908 1000 648 1003 
1909 563 918 999 
1910 641 936 1104 
1911 645 969 1031 
1912 945 707 998 
1913 213 179 1041 
1914 708 745 1010 
1915 957 378 1003 
1916 837 838 1061 
1917 820 575 1004 
1918 882 881 1043 
1919 563 999 1001 
1920 97 156 955 
1921 468 486 1063 
1922 132 851 1008 
1923 101 102 1048 
1924 621 620 1007 
1925 499 663 1035 
1926 643 644 1021 
1927 769 590 1014 
1928 998 707 1012 
1929 415 444 1050 
1930 633 761 1140 
1931 470 854 1068 
1932 247 950 1053 
1933 614 563 1001 
1934 763 713 1138 
1935 890 957 1003 
1936 914 757 1049 
1937 724 608 1059 
1938 695 606 1046 
1939 1004 650 1015 
1940 790 554 1063 
1941 643 1021 1025 
1942 1006 624 1023 
1943 69 70 1065 
1944 249 951 1009 
1945 965 249 1009 
1946 956 994 1011 
1947 854 853 1078 
1948 83 128 1005 
1949 822 834 1023 
1950 645 643 1025 
1951 573 995 1016 
1952 23 160 981 
1953 299 816 1006 
1954 177 175 1015 
1955 752 237 1137 
1956 80 139 1002 
1957 930 315 1080 
1958 493 1017 1020 
1959 639 701 1077 
1960 62 63 1013 
1961 858 686 1110 
1962 36 37 1075 
1963 593 776 1047 
1964 493 773 1017 
1965 190 191 1062 
1966 94 140 1124 
1967 864 570 1121 
1968 565 193 1062 
1969 127 92 1096 
1970 678 538 1082 
1971 115 107 1060 
1972 108 152 1060 
1973 1003 648 1034 
1974 147 1079 1103 
1975 42 1 1074 
1976 658 770 1120 
1977 509 655 1071 
1978 707 708 1012 
1979 673 768 1018 
1980 648 647 1034 
1981 890 1003 1034 
1982 378 1000 1003 
1983 908 416 1055 
1984 1 43 1074 
1985 924 696 1134 
1986 868 148 1085 
1987 510 330 1071 
1988 139 81 1052 
1989 177 1015 1041 
1990 176 924 1134 
1991 840 965 1009 
1992 680 712 1109 
1993 99 134 1058 
1994 751 1008 1032 
1995 1047 776 1076 
1996 1019 863 1112 
1997 512 493 1020 
1998 1005 733 1052 
1999 584 573 1016 
2000 282 956 1011 
2001 594 1042 1045 
2002 166 326 1099 
2003 20 21 1081 
2004 984 570 1019 
2005 147 855 1079 
2006 686 858 1115 
2007 1033 911 1040 
2008 834 299 1023 
2009 642 164 1099 
2010 282 1004 1015 
2011 512 1020 1027 
2012 677 930 1080 
2013 463 472 1024 
2014 104 153 1084 
2015 74 75 1022 
2016 686 668 1106 
2017 156 98 1058 
2018 299 1006 1023 
2019 124 103 1084 
2020 170 858 1110 
2021 607 617 1088 
2022 794 796 1106 
2023 778 127 1028 
2024 1021 551 1025 
2025 161 162 1117 
2026 852 849 1090 
2027 129 58 1107 
2028 59 159 1107 
2029 237 227 1137 
2030 1015 650 1041 
2031 657 977 1094 
2032 661 1108 1131 
2033 654 1050 1056 
2034 551 482 1025 
2035 584 1016 1026 
2036 697 512 1027 
2037 129 719 1112 
2038 511 510 1098 
2039 951 551 1021 
2040 1008 851 1044 
2041 1034 647 1042 
2042 1065 145 1072 
2043 861 904 1125 
2044 537 564 1101 
2045 367 368 1029 
2046 213 1041 1047 
2047 51 151 1119 
2048 120 868 1033 
2049 126 50 1119 
2050 735 732 1066 
2051 326 168 1110 
2052 223 339 1132 
2053 977 475 1036 
2054 230 174 1134 
2055 586 584 1026 
2056 1058 134 1108 
2057 666 686 1115 
2058 696 662 1126 
2059 189 200 1105 
2060 557 984 1019 
2061 962 370 1059 
2062 100 101 1128 
2063 88 89 1030 
2064 552 445 1032 
2065 19 20 1139 
2066 912 656 1127 
2067 897 501 1031 
2068 915 138 1089 
2069 689 828 1040 
2070 761 1081 1140 
2071 628 735 1073 
2072 828 120 1040 
2073 426 499 1035 
2074 416 900 1069 
2075 610 911 1033 
2076 382 890 1034 
2077 586 1026 1038 
2078 475 474 1036 
2079 897 1031 1037 
2080 444 614 1056 
2081 498 897 1037 
2082 498 1037 1039 
2083 940 565 1123 
2084 652 1072 1082 
2085 874 582 1043 
2086 776 618 1076 
2087 902 586 1038 
2088 1111 653 1130 
2089 911 498 1039 
2090 213 1047 1076 
2091 909 382 1042 
2092 936 653 1111 
2093 382 1034 1042 
2094 795 1018 1083 
2095 851 852 1044 
2096 627 973 1067 
2097 881 137 1043 
2098 647 502 1045 
2099 179 177 1041 
2100 623 974 1093 
2101 1051 270 1053 
2102 650 593 1047 
2103 618 919 1086 
2104 609 914 1049 
2105 272 270 1051 
2106 902 1038 1046 
2107 102 124 1048 
2108 1045 502 1050 
2109 502 415 1050 
2110 869 754 1122 
2111 617 1028 1088 
2112 606 902 1046 
2113 270 251 1053 
2114 81 82 1052 
2115 1076 618 1086 
2116 900 552 1069 
2117 595 691 1054 
2118 735 1066 1073 
2119 1086 919 1091 
2120 143 738 1136 
2121 830 629 1057 
2122 655 654 1056 
2123 609 1049 1070 
2124 564 908 1055 
2125 98 99 1058 
2126 632 865 1097 
2127 146 837 1061 
2128 554 468 1063 
2129 131 748 1113 
2130 107 108 1060 
2131 1079 646 1103 
2132 919 632 1091 
2133 808 703 1064 
2134 70 145 1065 
2135 1089 138 1117 
2136 193 190 1062 
2137 1042 647 1045 
2138 608 962 1059 
2139 874 1043 1095 
2140 1041 650 1047 
2141 884 627 1067 
2142 855 42 1074 
2143 876 470 1068 
2144 1055 852 1090 
2145 846 147 1103 
2146 200 1054 1105 
2147 146 1061 1087 
2148 1043 137 1095 
2149 799 609 1070 
2150 330 509 1071 
2151 1091 632 1097 
2152 125 36 1075 
2153 728 639 1077 
2154 653 697 1130 
2155 510 1078 1098 
2156 628 1073 1100 
2157 43 891 1074 
2158 723 1058 1108 
2159 853 678 1078 
2160 1018 906 1083 
2161 941 213 1076 
2162 128 888 1073 
2163 120 1033 1040 
2164 1066 128 1073 
2165 565 1064 1123 
2166 752 677 1080 
2167 738 131 1113 
2168 538 652 1082 
2169 68 69 1141 
2170 125 1075 1094 
2171 103 104 1084 
2172 148 864 1085 
2173 846 1103 1116 
2174 817 146 1087 
2175 941 1076 1086 
2176 687 628 1100 
2177 570 507 1121 
2178 849 848 1090 
2179 21 136 1081 
2180 906 915 1083 
2181 351 1086 1091 
2182 682 607 1088 
2183 351 941 1086 
2184 133 846 1116 
2185 817 1087 1104 
2186 799 1070 1092 
2187 703 676 1135 
2188 1005 128 1066 
2189 1123 703 1135 
2190 1073 888 1100 
2191 863 129 1112 
2192 800 799 1092 
2193 875 874 1095 
2194 838 125 1094 
2195 933 351 1091 
2196 136 1138 1140 
2197 507 610 1121 
2198 119 1104 1111 
2199 119 817 1104 
2200 552 1044 1069 
2201 92 93 1096 
2202 702 637 1102 
2203 137 878 1095 
2204 634 511 1098 
2205 164 166 1099 
2206 687 1100 1122 
2207 651 537 1101 
2208 772 119 1111 
2209 200 933 1097 
2210 933 1091 1097 
2211 888 154 1100 
2212 661 723 1108 
2213 646 635 1103 
2214 668 794 1106 
2215 974 717 1093 
2216 1096 93 1124 
2217 981 763 1138 
2218 875 1095 1133 
2219 754 687 1122 
2220 58 59 1107 
2221 191 189 1105 
2222 679 680 1109 
2223 1095 878 1133 
2224 772 1111 1130 
2225 651 1101 1114 
2226 117 68 1141 
2227 738 1113 1136 
2228 1100 154 1122 
2229 1083 1089 1118 
2230 1102 637 1131 
2231 1103 635 1116 
2232 795 1083 1118 
2233 1044 852 1069 
2234 659 658 1120 
2235 1028 127 1088 
2236 162 642 1117 
2237 168 170 1110 
2238 142 772 1130 
2239 1138 713 1140 
2240 664 666 1115 
2241 713 633 1140 
2242 719 638 1112 
2243 796 795 1118 
2244 748 747 1129 
2245 664 1115 1126 
2246 369 1123 1135 
2247 718 651 1114 
2248 50 51 1119 
2249 93 94 1124 
2250 369 940 1123 
2251 154 869 1122 
2252 662 664 1126 
2253 635 912 1116 
2254 339 861 1125 
2255 1054 691 1105 
2256 656 743 1127 
2257 878 873 1133 
2258 225 223 1132 
2259 225 1132 1137 
2260 174 176 1134 
2261 227 225 1137 
2262 637 674 1131 
2263 642 1089 1117 
2264 904 369 1135 
2265 134 100 1128 
2266 748 1093 1113 
2267 973 875 1133 
2268 873 973 1133 
2269 121 19 1139 
2270 717 716 1136 
2271 1113 717 1136 
2272 136 981 1138 
2273 564 1055 1090 
2274 1064 703 1123 
2275 1083 915 1089 
2276 1078 678 1098 
2277 610 1085 1121 
2278 134 1102 1108 
2279 1081 136 1140 
2280 1089 642 1118 
2281 1102 134 1128 
2282 702 1102 1128 
2283 1093 717 1113 
2284 1085 864 1121 
2285 1114 117 1141 
2286 718 1114 1141 
$EndElements
