$MeshFormat
4.1 0 8
$EndMeshFormat
$Entities
1 1 1 0
1 -0.795 0.2 0 0 
1 -0.8050001 0.1949999 -1e-07 -0.7949999000000001 0.2050001 1e-07 0 2 1 -1 
1 -0.8050001 0.1949999 -1e-07 -0.7949999000000001 0.2050001 1e-07 0 1 1 
$EndEntities
$Nodes
3 635 1 635
0 1 0 1
1
-0.795 0.2 0
1 1 0 78
2
3
4
5
6
7
8
9
10
11
12
13
14
15
16
17
18
19
20
21
22
23
24
25
26
27
28
29
30
31
32
33
34
35
36
37
38
39
40
41
42
43
44
45
46
47
48
49
50
51
52
53
54
55
56
57
58
59
60
61
62
63
64
65
66
67
68
69
70
71
72
73
74
75
76
77
78
79
-0.7950158058049266 0.2003972508348586 0
-0.7950631232903184 0.2007919901220361 0
-0.795141653299798 0.2011817221926645 0
-0.7952508993413612 0.2015639830351111 0
-0.795390170726359 0.2019363558732532 0
-0.7955585869362544 0.2022964864461149 0
-0.7957550831895432 0.2026420978922631 0
-0.7959784171736463 0.2029710051448586 0
-0.7962271768992089 0.2032811287463519 0
-0.796499789627153 0.2035705079954838 0
-0.796794531812039 0.2038373133434696 0
-0.7971095399988758 0.2040798579609958 0
-0.797442822604483 0.2042966084028983 0
-0.7977922725089205 0.2044861943030961 0
-0.7981556803773801 0.2046474170384869 0
-0.7985307486283104 0.2047792573070288 0
-0.7989151059594685 0.2048808815720953 0
-0.7993063223400547 0.2049516473323625 0
-0.799701924374151 0.2049911071839097 0
-0.8000994109383254 0.2049990116488503 0
-0.8004962689945404 0.2049753107526122 0
-0.8008899894783879 0.2049201543398921 0
-0.8012780831622024 0.2048338911272902 0
-0.8016580963927604 0.2047170664986107 0
-0.802027626604065 0.2045704190567702 0
-0.8023843375071426 0.2043948759541122 0
-0.8027259738608133 0.2041915470306514 0
-0.8030503757300527 0.2039617177973079 0
-0.8033554921417952 0.2037068413084931 0
-0.8036393940518475 0.2034285289754321 0
-0.8039002865409262 0.2031285403783028 0
-0.8041365201627153 0.2028087721416039 0
-0.8043466013721979 0.2024712459430836 0
-0.8045292019683277 0.2021180957320426 0
-0.8046831674913437 0.2017515542378191 0
-0.8048075245216372 0.2013739388537552 0
-0.8049014868340232 0.2009876369858898 0
-0.8049644603685099 0.2005950909590095 0
-0.8049960469861366 0.2001987825754847 0
-0.8049960469861366 0.1998012174245154 0
-0.8049644603685099 0.1994049090409905 0
-0.8049014868340232 0.1990123630141102 0
-0.8048075245216372 0.1986260611462449 0
-0.8046831674913437 0.1982484457621809 0
-0.8045292019683277 0.1978819042679574 0
-0.8043466013721979 0.1975287540569164 0
-0.8041365201627153 0.1971912278583962 0
-0.8039002865409262 0.1968714596216972 0
-0.8036393940518475 0.1965714710245679 0
-0.8033554921417952 0.1962931586915069 0
-0.8030503757300527 0.1960382822026921 0
-0.8027259738608133 0.1958084529693486 0
-0.8023843375071426 0.1956051240458878 0
-0.802027626604065 0.1954295809432298 0
-0.8016580963927604 0.1952829335013893 0
-0.8012780831622024 0.1951661088727098 0
-0.8008899894783877 0.1950798456601079 0
-0.8004962689945403 0.1950246892473879 0
-0.8000994109383254 0.1950009883511497 0
-0.7997019243741509 0.1950088928160904 0
-0.7993063223400547 0.1950483526676375 0
-0.7989151059594685 0.1951191184279047 0
-0.7985307486283104 0.1952207426929712 0
-0.7981556803773801 0.1953525829615131 0
-0.7977922725089205 0.195513805696904 0
-0.797442822604483 0.1957033915971017 0
-0.7971095399988758 0.1959201420390042 0
-0.796794531812039 0.1961626866565305 0
-0.796499789627153 0.1964294920045163 0
-0.7962271768992089 0.1967188712536481 0
-0.7959784171736463 0.1970289948551414 0
-0.7957550831895432 0.1973579021077369 0
-0.7955585869362544 0.1977035135538851 0
-0.795390170726359 0.1980636441267468 0
-0.7952508993413612 0.1984360169648889 0
-0.795141653299798 0.1988182778073355 0
-0.7950631232903184 0.1992080098779639 0
-0.7950158058049266 0.1996027491651414 0
2 1 0 556
80
81
82
83
84
85
86
87
88
89
90
91
92
93
94
95
96
97
98
99
100
101
102
103
104
105
106
107
108
109
110
111
112
113
114
115
116
117
118
119
120
121
122
123
124
125
126
127
128
129
130
131
132
133
134
135
136
137
138
139
140
141
142
143
144
145
146
147
148
149
150
151
152
153
154
155
156
157
158
159
160
161
162
163
164
165
166
167
168
169
170
171
172
173
174
175
176
177
178
179
180
181
182
183
184
185
186
187
188
189
190
191
192
193
194
195
196
197
198
199
200
201
202
203
204
205
206
207
208
209
210
211
212
213
214
215
216
217
218
219
220
221
222
223
224
225
226
227
228
229
230
231
232
233
234
235
236
237
238
239
240
241
242
243
244
245
246
247
248
249
250
251
252
253
254
255
256
257
258
259
260
261
262
263
264
265
266
267
268
269
270
271
272
273
274
275
276
277
278
279
280
281
282
283
284
285
286
287
288
289
290
291
292
293
294
295
296
297
298
299
300
301
302
303
304
305
306
307
308
309
310
311
312
313
314
315
316
317
318
319
320
321
322
323
324
325
326
327
328
329
330
331
332
333
334
335
336
337
338
339
340
341
342
343
344
345
346
347
348
349
350
351
352
353
354
355
356
357
358
359
360
361
362
363
364
365
366
367
368
369
370
371
372
373
374
375
376
377
378
379
380
381
382
383
384
385
386
387
388
389
390
391
392
393
394
395
396
397
398
399
400
401
402
403
404
405
406
407
408
409
410
411
412
413
414
415
416
417
418
419
420
421
422
423
424
425
426
427
428
429
430
431
432
433
434
435
436
437
438
439
440
441
442
443
444
445
446
447
448
449
450
451
452
453
454
455
456
457
458
459
460
461
462
463
464
465
466
467
468
469
470
471
472
473
474
475
476
477
478
479
480
481
482
483
484
485
486
487
488
489
490
491
492
493
494
495
496
497
498
499
500
501
502
503
504
505
506
507
508
509
510
511
512
513
514
515
516
517
518
519
520
521
522
523
524
525
526
527
528
529
530
531
532
533
534
535
536
537
538
539
540
541
542
543
544
545
546
547
548
549
550
551
552
553
554
555
556
557
558
559
560
561
562
563
564
565
566
567
568
569
570
571
572
573
574
575
576
577
578
579
580
581
582
583
584
585
586
587
588
589
590
591
592
593
594
595
596
597
598
599
600
601
602
603
604
605
606
607
608
609
610
611
612
613
614
615
616
617
618
619
620
621
622
623
624
625
626
627
628
629
630
631
632
633
634
635
-0.8046089243321484 0.2007327961167353 0
-0.79538131879819 0.1994463576659452 0
-0.8006314087611561 0.1953831537694362 0
-0.7994931230211234 0.2046435111729092 0
-0.7963689699958962 0.2028799811819769 0
-0.8037849198368013 0.1972608609996169 0
-0.7971756865550014 0.1963224953866156 0
-0.8026752989022643 0.2038386240587511 0
-0.8045579918962115 0.1988339766751016 0
-0.7977591282935813 0.204124742413248 0
-0.8039703745897097 0.2024654913973787 0
-0.7988393082147957 0.1955193469678913 0
-0.8023244844494191 0.1959847337733991 0
-0.795470703246726 0.2013107834386415 0
-0.795922925171399 0.1976815237531301 0
-0.8010247359491082 0.2045120248752663 0
-0.7966140930442571 0.1968102711768767 0
-0.8032254304466232 0.1966395405231437 0
-0.7995780444273054 0.1953825176536504 0
-0.7968782209288171 0.2034486564497985 0
-0.8045920767887283 0.199562491099742 0
-0.798468826879204 0.2043950818189012 0
-0.8003066153750998 0.2046189961061603 0
-0.8017378254943672 0.2043226981195558 0
-0.7977749524427173 0.195895862333116 0
-0.8041320646161495 0.1978634659174314 0
-0.8042996466722272 0.2017940985744256 0
-0.8017431138408641 0.1956826721902589 0
-0.7959671160171586 0.2023013390409192 0
-0.79538131879819 0.2005536423340548 0
-0.803256417546204 0.2033218188756744 0
-0.7955273239210103 0.1987217572333687 0
-0.8035352247593623 0.2030503691796136 0
-0.8031641348266718 0.2029416918992618 0
-0.8028754541236298 0.2032136251414652 0
-0.8027831134266991 0.2028275825961256 0
-0.8024896320002127 0.2030957063116763 0
-0.8024011523618106 0.2027132416591879 0
-0.8026905762304535 0.2024407166152343 0
-0.8023093854502277 0.202327233685398 0
-0.8020206901345063 0.2026005640147713 0
-0.8019284283368651 0.2022140268097229 0
-0.8022170933593822 0.2019406590028295 0
-0.8018360374564106 0.201827354044174 0
-0.8015473647340903 0.202100714614544 0
-0.8014549691522005 0.2017140369158975 0
-0.8017436449080372 0.2014406793421012 0
-0.801362573404219 0.2013273590194761 0
-0.8010738977574783 0.2016007167054757 0
-0.8009815008780725 0.2012140376705705 0
-0.8012701764142341 0.200940679870717 0
-0.8008891038488249 0.2008273584843812 0
-0.8006004283498883 0.2011007163190449 0
-0.8005080312849884 0.2007140370974705 0
-0.800796706784463 0.2004406792637308 0
-0.8004156342090188 0.200327357864673 0
-0.8001269587084096 0.2006007156972134 0
-0.8000345616320342 0.2002140364640027 0
-0.8003232371330061 0.1999406786318409 0
-0.7999421645556563 0.1998273572307903 0
-0.7996534890546932 0.2001007150629611 0
-0.8002308400565916 0.1995539993985908 0
-0.7995610919781909 0.1997140358296196 0
-0.7992724164772448 0.199987393661808 0
-0.799180019400726 0.1996007144284495 0
-0.7988913438997784 0.1998740722606362 0
-0.7989837409763024 0.2002607514940002 0
-0.7987989468232553 0.1994873930272731 0
-0.7990876223242024 0.1992140351950859 0
-0.798602668398832 0.2001474300928243 0
-0.7986950654753562 0.2005341093261884 0
-0.7987065497467313 0.1991007137939093 0
-0.7989952252476784 0.198827355961722 0
-0.7983139928978852 0.2004207879250118 0
-0.7984063899744094 0.2008074671583759 0
-0.7986141526702072 0.1987140345605452 0
-0.7989028281711543 0.198440676728358 0
-0.7983254771692602 0.1989873923927325 0
-0.7980253173969382 0.2006941457571992 0
-0.7981177144734622 0.2010808249905632 0
-0.7984987870509335 0.20119414639174 0
-0.7982101115499863 0.2014675042239273 0
-0.7985911841274576 0.201580825625104 0
-0.7985217555936831 0.1983273553271812 0
-0.7988104310946302 0.1980539974949939 0
-0.7991915036721015 0.1981673188961707 0
-0.7990991065955774 0.1977806396628067 0
-0.7994801791730485 0.1978939610639834 0
-0.7983025086265104 0.2018541834572913 0
-0.7986835812039816 0.2019675048584681 0
-0.7977366418959911 0.2009675035893865 0
-0.7976442448194669 0.2005808243560225 0
-0.7993877820965244 0.1975072818306194 0
-0.7997688546739956 0.1976206032317961 0
-0.798429358517159 0.1979406760938172 0
-0.7996764575974715 0.1972339239984321 0
-0.8000575301749427 0.1973472453996088 0
-0.8001499272514667 0.1977339246329728 0
-0.8004386027524139 0.1974605668007856 0
-0.8005309998289379 0.1978472460341496 0
-0.8008196753298851 0.1975738882019623 0
-0.8009120724064092 0.1979605674353263 0
-0.8012007479073562 0.197687209603139 0
-0.8012931449838803 0.1980738888365031 0
-0.8015818204848274 0.1978005310043158 0
-0.8016742175613515 0.1981872102376798 0
-0.7983949057030345 0.2022408626906554 0
-0.7987759782805057 0.2023541840918321 0
-0.8019628930622986 0.1979138524054925 0
-0.8020552901388227 0.1983005316388565 0
-0.8017666146378756 0.1985738894710438 0
-0.8021476872153468 0.1986872108722205 0
-0.8018590117143997 0.1989605687044078 0
-0.8022400842918709 0.1990738901055846 0
-0.8025287597928179 0.1988005322733973 0
-0.802621156869342 0.1991872115067613 0
-0.802332481368395 0.1994605693389486 0
-0.8027135539458661 0.1995738907401254 0
-0.7990646537814529 0.2020808262596448 0
-0.7991570508579769 0.2024675054930088 0
-0.7973555693185199 0.2008541821882098 0
-0.7972631722419958 0.2004675029548457 0
-0.800727278253361 0.1971872089685983 0
-0.7980138331255634 0.2021275412894786 0
-0.7992953850200003 0.1971206025972553 0
-0.798140683016212 0.1982140339260045 0
-0.7980482859396879 0.1978273546926405 0
-0.7977596104387408 0.1981007125248277 0
-0.8024248784449191 0.1998472485723126 0
-0.8028059510223902 0.1999605699734894 0
-0.799445726358924 0.2021941476608216 0
-0.7995381234354481 0.2025808268941856 0
-0.799249447934501 0.2028541847263729 0
-0.7996305205119721 0.2029675061275496 0
-0.7999191960129193 0.2026941482953623 0
-0.8000115930894434 0.2030808275287264 0
-0.7999651330984187 0.1969605661662448 0
-0.8014894234083033 0.1974138517709517 0
-0.8023439656397697 0.1980271738066693 0
-0.8029098323702891 0.198913853674574 0
-0.7984873027795586 0.2026275419240194 0
-0.8030946265233373 0.1996872121413021 0
-0.8031870235998614 0.2000738913746661 0
-0.8028983480989144 0.2003472492068534 0
-0.7969744967410487 0.200740860787033 0
-0.7968820996645246 0.200354181553669 0
-0.7971707751654717 0.2000808237214817 0
-0.7970668938175728 0.2011275400203971 0
-0.7967897025880005 0.199967502320305 0
-0.7970783780889477 0.1996941444881177 0
-0.8022515685632456 0.1976404945733052 0
-0.8032794206763855 0.2004605706080302 0
-0.7993418450110251 0.2032408639597369 0
-0.8029907451754384 0.2007339284402175 0
-0.8003002685903896 0.2028074696965419 0
-0.8003926656669145 0.2031941489299036 0
-0.7988798596284047 0.2013074677929167 0
-0.8014779391369284 0.1988472473032311 0
-0.7995725762495726 0.1982806402973474 0
-0.8015703362134525 0.1992339265365951 0
-0.7966973055114764 0.1995808230869409 0
-0.7969859810124236 0.1993074652547536 0
-0.7976672133622167 0.1977140332914637 0
-0.7979558888631638 0.1974406754592764 0
-0.7973785378612696 0.197987391123651 0
-0.800623396905462 0.1982339252675136 0
-0.8033718177529096 0.2008472498413942 0
-0.8030831422519625 0.2011206076735815 0
-0.8006813411678607 0.2029207910977192 0
-0.8007737382443856 0.2033074703310805 0
-0.8026096725994194 0.2006206070411373 0
-0.8002078715138701 0.2024207904631834 0
-0.7982215958213611 0.2000341086916478 0
-0.8001039901659674 0.2034675067620905 0
-0.7965934241635775 0.2006275393858563 0
-0.8026326411407169 0.197753815974482 0
-0.7966049084349524 0.1991941438535769 0
-0.8035680961773326 0.2001872127758428 0
-0.7964086300105293 0.1998541809191282 0
-0.7975748162856926 0.1973273540580997 0
-0.7978634917866397 0.1970539962259124 0
-0.8010624137463995 0.2030341124986537 0
-0.8011547945214829 0.2034208465470467 0
-0.7973670535898948 0.1994207866559304 0
-0.7974709349377936 0.198374070357015 0
-0.7970898623603225 0.1982607489558383 0
-0.7969974652837983 0.1978740697224743 0
-0.7982445643641108 0.1971673176270891 0
-0.8011892636359814 0.1991206051354184 0
-0.8012816607125055 0.1995072843687825 0
-0.8025402440641928 0.1973671367411179 0
-0.7981521672875868 0.1967806383937251 0
-0.8034642148294336 0.2012339290747582 0
-0.8031755394361579 0.2015072875468407 0
-0.7967087897828513 0.1981474275546616 0
-0.8008658880694186 0.2036939724917055 0
-0.8037528903303808 0.2009605712425709 0
-0.8029213166416639 0.1974804581422947 0
-0.803013713718188 0.1978671373756587 0
-0.8014434836617453 0.2031474430225187 0
-0.8015358639385375 0.2035341786044697 0
-0.8027944673300542 0.2013939667354058 0
-0.8009700166702614 0.2026474332652347 0
-0.7990761380528274 0.2006474307273652 0
-0.7989607724335539 0.2031275425585602 0
-0.799053169510078 0.2035142217919242 0
-0.7986720969326068 0.2034009003907475 0
-0.798533239865058 0.1968939597949018 0
-0.7984408427885339 0.1965072805615378 0
-0.8020438058674478 0.1997339271711359 0
-0.7993533292823999 0.2018074684274575 0
-0.7997344018598708 0.2019207898286353 0
-0.799642004783347 0.2015341105952704 0
-0.8000230773608201 0.2016474319964534 0
-0.8021362029443428 0.2001206064032526 0
-0.8021591714867216 0.1972538153399412 0
-0.8024478469876687 0.1969804575077539 0
-0.8020667744101975 0.1968671361065772 0
-0.7993762978251496 0.1989406773628987 0
-0.7988219153660051 0.1966206019627146 0
-0.8017551303665625 0.2000072850031153 0
-0.8018475274473237 0.2003939642359913 0
-0.7994342420875492 0.2036275431931009 0
-0.7991455665866021 0.2039009010252883 0
-0.8035529531972438 0.2016214826682041 0
-0.8032673266058233 0.20189411395802 0
-0.7987292164330707 0.196234937799753 0
-0.7991105405575505 0.1963474133089277 0
-0.7966258766602002 0.1977636991800018 0
-0.7969094875087881 0.1974908800054141 0
-0.7977763817624093 0.1966729003060287 0
-0.8018245555079428 0.2032607676299444 0
-0.8019165142317939 0.2036475521461595 0
-0.8010968665594573 0.1987339259020544 0
-0.8008081910585102 0.1990072837342417 0
-0.7986256369415821 0.1972806390282659 0
-0.8006119126340608 0.1996673207997655 0
-0.7968935839358995 0.1989207860213896 0
-0.7965125113584283 0.1988074646202129 0
-0.7962238358574811 0.1990808224524002 0
-0.802817435293765 0.19852717444121 0
-0.8031985078712363 0.1986404958423867 0
-0.8032909049477603 0.1990271750757508 0
-0.8035795804487074 0.1987538172435635 0
-0.8036719775252315 0.1991404964769275 0
-0.8034871833721833 0.1983671380101995 0
-0.8038668536125245 0.1984851751333762 0
-0.7999306802842948 0.2012607527630844 0
-0.799549607706823 0.2011474313619065 0
-0.8014664548662351 0.2002806428353121 0
-0.7961438047393429 0.1986977588724779 0
-0.7995306787233973 0.2040006383614297 0
-0.796520519222777 0.1974119693835173 0
-0.7983604110787323 0.1961347845340927 0
-0.8023511908692114 0.196608100406575 0
-0.801969408451418 0.1964971660274291 0
-0.8016848736856838 0.1967565995644364 0
-0.8015916799640331 0.1963725992567522 0
-0.8013042204320532 0.1966418680781823 0
-0.8012112346222166 0.1962571686131459 0
-0.8009233222811646 0.1965279601224211 0
-0.8008326057585614 0.1961429271540019 0
-0.8005425366721874 0.1964139903179058 0
-0.8004500870237887 0.1960271712685062 0
-0.8001614202848207 0.1963005524033661 0
-0.8000673309507942 0.1959142563716306 0
-0.8011168582101907 0.1958615384094264 0
-0.7997800598231131 0.1961872793340124 0
-0.8032820091734284 0.197598649359278 0
-0.8034266242923119 0.2026750996596691 0
-0.8036015636323306 0.2020235801734942 0
-0.7963551909756639 0.1980466623465073 0
-0.803209992142611 0.1972071003101074 0
-0.8027980445590587 0.1967114041389759 0
-0.7990032634667454 0.195953208865125 0
-0.7992379636631262 0.2042875802586523 0
-0.7996845430152612 0.195795907531506 0
-0.7999772339189007 0.1955447513086118 0
-0.8019194474744306 0.1960873633892372 0
-0.7988174257931112 0.2041550398789681 0
-0.8037854778534907 0.1981064557822799 0
-0.8026416073233961 0.196264556315358 0
-0.8033309068419523 0.2022897584899631 0
-0.8016303820230249 0.2039236214586656 0
-0.8020193542263881 0.2040035058800443 0
-0.8013333868598363 0.2041949917211517 0
-0.7958148319838297 0.1989732103343844 0
-0.7959533992139574 0.1993595582174169 0
-0.8021996309094362 0.2033683875511791 0
-0.8030686596316452 0.2025555983958472 0
-0.8025981622576105 0.2020539860238152 0
-0.8016397377965699 0.2024873685878344 0
-0.8012471100950699 0.2038077998545993 0
-0.8021132358425234 0.2029873969261807 0
-0.8021247142459361 0.2015539975736151 0
-0.8020323206682576 0.2011673217832972 0
-0.8025057826404364 0.2016673170056265 0
-0.8016512488358696 0.2010540011085246 0
-0.801939924336581 0.2007806432863453 0
-0.8011662943204735 0.2019873954166878 0
-0.8007852223437756 0.2018740746247403 0
-0.8012586870610665 0.2023740700969553 0
-0.8017321320326615 0.2028740491410863 0
-0.8006928253548805 0.201487395480291 0
-0.8004041498955713 0.2017607533544294 0
-0.8004965469790354 0.2021474325947836 0
-0.7987180340181061 0.1976673182616299 0
-0.797447966395044 0.2012408614215738 0
-0.7971592908940969 0.2015142192537611 0
-0.7967782183166257 0.2014008978525844 0
-0.7968706153931497 0.2017875770859484 0
-0.7964895428156786 0.2016742556847717 0
-0.7963971457391545 0.2012875764514076 0
-0.797251687970621 0.2019008984871251 0
-0.7969630124696738 0.2021742563193124 0
-0.797344085047145 0.2022875777204892 0
-0.7970554095461979 0.2025609355526765 0
-0.7974364821236691 0.2026742569538532 0
-0.7961169337763049 0.2015698720779888 0
-0.7966362052345455 0.2024601973547924 0
-0.7971556966601596 0.2029330394141253 0
-0.7975317579178907 0.2030581333094137 0
-0.7978180344874233 0.2027871112087294 0
-0.7979099517776644 0.203174257588394 0
-0.7976146276845835 0.2034370569944728 0
-0.7979941780305551 0.203544032523061 0
-0.7960387034627358 0.2011781319899247 0
-0.7962008673147315 0.2019476135169589 0
-0.7957918445190532 0.2018891911784818 0
-0.7978520075152649 0.1984873917581918 0
-0.7975633320143177 0.1987607495903791 0
-0.7993648135537688 0.2003740728951719 0
-0.7995840605209474 0.196847244765068 0
-0.8025172755221179 0.2002339278045709 0
-0.8030022294468132 0.1993005329079381 0
-0.7997458861311625 0.2004873942962684 0
-0.7988683753570298 0.2027408633251961 0
-0.8003117528384494 0.2013740741406998 0
-0.7998612517505197 0.1980072824651601 0
-0.7999536488270438 0.1983939616985241 0
-0.8018704959857745 0.1975271731721285 0
-0.7993969343741325 0.1960728614981819 0
-0.7972868773349978 0.1976012934763376 0
-0.7971974416593841 0.1972177088805019 0
-0.7974880422830478 0.1969465748316608 0
-0.797087946033505 0.1968001913020599 0
-0.8004850215348567 0.2035807986511443 0
-0.8001963803743946 0.2038541810767673 0
-0.8005765441466552 0.2039665571422607 0
-0.8002887843190156 0.2042408652288185 0
-0.7977252375889967 0.2024008212639491 0
-0.7976327738754889 0.2020142069120157 0
-0.7994686949016724 0.1993273565962614 0
-0.7997573704026205 0.1990539987640752 0
-0.7975518477429429 0.2001941451226585 0
-0.7979329203204141 0.2003074665238352 0
-0.79784052324389 0.1999207872904712 0
-0.7981291987448371 0.1996474294582838 0
-0.799838283207705 0.2008740735296518 0
-0.7989143124425292 0.1970072811960786 0
-0.799202979558576 0.1967339515602914 0
-0.7994912184760357 0.1964604395665604 0
-0.8007043097100316 0.2000540000325523 0
-0.8002538188216747 0.1966872355205089 0
-0.7990067095190533 0.1973939604294426 0
-0.7985796998560827 0.2030142211573834 0
-0.7982330800927361 0.1986007131593685 0
-0.8002423243279908 0.1981206038663369 0
-0.8013855420604044 0.1984605680698671 0
-0.7983369614406349 0.1975539968604532 0
-0.7982896625511967 0.2032847616064546 0
-0.7992839007486255 0.1985539981295347 0
-0.7998159867802249 0.2037385997636573 0
-0.8009929852114573 0.1997806422008644 0
-0.8009005881350131 0.1993939629675836 0
-0.7979444045917889 0.1988740709915558 0
-0.7975403656928008 0.2016275384922235 0
-0.8034756991008085 0.1998005335424788 0
-0.8038567716782797 0.1999138549436555 0
-0.8039491687548038 0.2003005341770196 0
-0.8042299327752431 0.2000484489607827 0
-0.8041762981810816 0.1996498998894929 0
-0.8043485852594673 0.2004545894382614 0
-0.8036604932538567 0.2005738920092069 0
-0.8037695164353981 0.1995287428399623 0
-0.8040530501027027 0.1992538178781042 0
-0.7981063234938647 0.2025141296888398 0
-0.798036801668313 0.1992607502249198 0
-0.798510271322308 0.1997607508594603 0
-0.7984178742457841 0.1993740716260965 0
-0.7977481261673659 0.1995341080571071 0
-0.7974594506664188 0.1998074658892944 0
-0.7971822594368466 0.1986474281892023 0
-0.7965810914842879 0.202044513803885 0
-0.8019514087909237 0.1993472479377719 0
-0.8016627332899869 0.1996206057699245 0
-0.7981984958242984 0.2029003371956367 0
-0.7963192727435758 0.1994683980079024 0
-0.7996649733260967 0.1986673195307114 0
-0.7987597209765326 0.2037783083078214 0
-0.8007157939819861 0.1986206045008776 0
-0.8004271184810391 0.1988939623330649 0
-0.8010044694829332 0.1983472466686904 0
-0.8000460459035679 0.1987806409318882 0
-0.799723029607697 0.2033538078891436 0
-0.7979214386404775 0.2017408595329478 0
-0.7978290389725152 0.2013541828227506 0
-0.8017779608847433 0.1971409580819371 0
-0.7998267989363954 0.2023074690620009 0
-0.8027020697727417 0.2010072864835371 0
-0.8013740577891384 0.1998939636020554 0
-0.800634852576431 0.1968006889388778 0
-0.8003462026128736 0.1970739186324373 0
-0.8005195155575511 0.1992806415664164 0
-0.8010853822876554 0.2001673214337021 0
-0.8011777793572031 0.2005540006594051 0
-0.8013967971659873 0.197027943166949 0
-0.8010158035899715 0.1969143666074673 0
-0.8024363627162938 0.1984138530400333 0
-0.7987874625518805 0.2009207885595527 0
-0.7991685351293517 0.2010341099607295 0
-0.7994572106302731 0.2007607521285155 0
-0.7992609322058758 0.2014207891940936 0
-0.7976557290908418 0.1991474288237431 0
-0.803942294214223 0.1988722555919026 0
-0.804213837762137 0.1986566622966893 0
-0.8002193557807518 0.2009873949263469 0
-0.7968011868593754 0.1985341067880256 0
-0.7989722567049288 0.2016941470262808 0
-0.8028289195651399 0.1970937789089307 0
-0.8001384429800859 0.1991673201652458 0
-0.7998497674791363 0.1994406779974305 0
-0.7964267542366824 0.1984234806945929 0
-0.8033947862956592 0.1979804587768354 0
-0.8031061107947122 0.1982538166090227 0
-0.7998727360218946 0.1965738869328808 0
-0.7965010270870534 0.2002408601524923 0
-0.7961199545095823 0.2001275387513155 0
-0.7962123515861064 0.2005142179846796 0
-0.7957613632740838 0.2004148217522897 0
-0.7957336082557037 0.2000032945370226 0
-0.798384572587979 0.2036575372469041 0
-0.8033841589965581 0.1994141154973932 0
-0.7967731429550853 0.2028448727763877 0
-0.7966858212401016 0.2010142186192203 0
-0.7963085203794725 0.2009015433746592 0
-0.7959439129451923 0.2007917986660665 0
-0.7972746565133707 0.1990341074225664 0
-0.7960390928504779 0.1997379657673272 0
-0.80402532329024 0.2006986140928336 0
-0.8041504632255736 0.2011291616478131 0
-0.8038452874069049 0.201347250475935 0
-0.7960243086129085 0.1983032646058408 0
-0.7980759049856632 0.1964112559436083 0
-0.8011083185748689 0.1973006397320554 0
-0.8027250382172409 0.198140495207846 0
-0.800334721404515 0.1985072830997009 0
-0.7999103873804406 0.2041185448805258 0
-0.8036887577512023 0.1976793029071859 0
-0.8001154744242606 0.202034111216581 0
-0.8008776185776575 0.2022607529771284 0
-0.8005889439165125 0.2025341116824318 0
-0.801351078494784 0.2027607461020472 0
-0.8015588519247391 0.200667322050573 0
-0.8024133919601556 0.2012806424121288 0
-0.8022285999922154 0.2005072856104314 0
-0.8023209965548951 0.2008939644361462 0
-0.8029737493401754 0.2021691370102306 0
-0.802885837935043 0.2017809680466565 0
-0.7962683468892974 0.202510296351667 0
-0.8009522821183604 0.204087581472084 0
-0.8022982770524226 0.2037304016347977 0
-0.7992774091330578 0.1956821834142586 0
-0.8006497732038547 0.2043508429612052 0
-0.798614620377386 0.1958518087733576 0
-0.7981765791241774 0.1957665846384492 0
-0.8046252914251695 0.2001374634384024 0
-0.7972077972183463 0.2033455638484707 0
-0.7973438801650272 0.2037200777243046 0
-0.7976856665075341 0.1962879971355751 0
-0.8003592387331154 0.1956555737850488 0
-0.8014958537230434 0.1959786611303917 0
-0.8007395538138871 0.1957609524450631 0
-0.8010070554651233 0.1954625568955215 0
-0.8039228794734806 0.2018025327544626 0
-0.7968162531796363 0.1971222553944577 0
-0.8041584762776492 0.1982937681825379 0
-0.8034734175550187 0.1969756736267292 0
-0.7998795310612059 0.2046626970859275 0
-0.8029619142301215 0.2035833576115763 0
-0.7957594509395923 0.1980168937200909 0
-0.8041572170437857 0.2021389800835141 0
-0.7956294525825053 0.1983573487315743 0
-0.7961271065384093 0.1973702351652082 0
-0.7968344094143911 0.1965050273053198 0
-0.7981279475160115 0.2042651093711788 0
-0.7953998896006312 0.2009300358303738 0
-0.7954108923527885 0.1990753066165241 0
-0.8044362118255637 0.2014423226609595 0
-0.8045352416623377 0.2010823435518913 0
-0.8045975893168258 0.1992017735557787 0
-0.7953846059447384 0.2001983870517657 0
-0.7953691718621796 0.1998109354318421 0
-0.7965925500485654 0.2032100236260203 0
-0.8030141900401851 0.1963893883743353 0
-0.7974427446282994 0.196606031792388 0
-0.7980688972559511 0.2038990502196961 0
-0.7984518262453715 0.2040248803967175 0
-0.7988287835521842 0.2045278801451709 0
-0.8013831767990307 0.1955724118332829 0
-0.8025833678696812 0.203471683718241 0
-0.7963686296139094 0.1970731203510347 0
-0.8020778560040734 0.1957663808228502 0
-0.8040177727478133 0.1975047223479093 0
-0.7991772732392707 0.1953557192956767 0
-0.7991623294813809 0.2046309179351758 0
-0.7956858059477265 0.1996063737937295 0
-0.8002447943219271 0.1953070404311177 0
-0.7974377336217223 0.1960259776982825 0
-0.8037679114240269 0.2027586534113416 0
-0.7962661196901584 0.1977082592879796 0
-0.7957778191115364 0.2014853436316778 0
-0.7976836391398108 0.2037826302763493 0
-0.8006560520502636 0.204683066173465 0
-0.8013902110455997 0.2045221508218526 0
-0.8023842652585512 0.2040736053175875 0
-0.799670045183689 0.2043432957548386 0
-0.8022374985830211 0.1962930318341366 0
-0.80413089772075 0.2015030732227192 0
-0.7958245619538006 0.1986025157385098 0
-0.7957103382852887 0.2010694232875118 0
-0.8043349448161667 0.1993759902198704 0
-0.7984633873444099 0.1955422132068365 0
-0.7969145122808972 0.2031505258111553 0
-0.8036552655529797 0.2024061611594158 0
-0.8046934173624142 0.2004423593168634 0
-0.7980270739272348 0.1960917725808321 0
-0.7956461053868848 0.1992887241305209 0
-0.8042586432403037 0.1990196943211855 0
-0.8030851154204796 0.196929642301847 0
-0.8000328390619941 0.2044041591341179 0
-0.7963274561647393 0.2022308903667631 0
-0.7999052045855242 0.1952330861250721 0
-0.7974678020403556 0.2040007833555592 0
-0.8043260308914181 0.2008219878485607 0
-0.7956331783638002 0.2007286454097634 0
-0.7955324192330731 0.2016625030182417 0
-0.8045031750757506 0.1984865452777023 0
-0.8034737393724272 0.1973482549424576 0
-0.796043137520938 0.2026867813191201 0
-0.7970439781719986 0.2036876875937891 0
-0.8045135835027997 0.1998511838059926 0
-0.7960525702377499 0.1979666666441182 0
-0.8038614600584573 0.2021673491136531 0
-0.8021155855639119 0.20429895806565 0
-0.804418229468599 0.198144125503775 0
$EndNodes
$Elements
3 1269 1 1269
0 1 15 1
1 1 
1 1 1 79
2 1 2 
3 2 3 
4 3 4 
5 4 5 
6 5 6 
7 6 7 
8 7 8 
9 8 9 
10 9 10 
11 10 11 
12 11 12 
13 12 13 
14 13 14 
15 14 15 
16 15 16 
17 16 17 
18 17 18 
19 18 19 
20 19 20 
21 20 21 
22 21 22 
23 22 23 
24 23 24 
25 24 25 
26 25 26 
27 26 27 
28 27 28 
29 28 29 
30 29 30 
31 30 31 
32 31 32 
33 32 33 
34 33 34 
35 34 35 
36 35 36 
37 36 37 
38 37 38 
39 38 39 
40 39 40 
41 40 41 
42 41 42 
43 42 43 
44 43 44 
45 44 45 
46 45 46 
47 46 47 
48 47 48 
49 48 49 
50 49 50 
51 50 51 
52 51 52 
53 52 53 
54 53 54 
55 54 55 
56 55 56 
57 56 57 
58 57 58 
59 58 59 
60 59 60 
61 60 61 
62 61 62 
63 62 63 
64 63 64 
65 64 65 
66 65 66 
67 66 67 
68 67 68 
69 68 69 
70 69 70 
71 70 71 
72 71 72 
73 72 73 
74 73 74 
75 74 75 
76 75 76 
77 76 77 
78 77 78 
79 78 79 
80 79 1 
2 1 2 1189
81 519 581 109 
82 354 552 91 
83 520 581 519 
84 104 555 66 
85 108 408 7 
86 84 523 399 
87 399 549 84 
88 53 361 52 
89 7 408 6 
90 41 631 556 
91 552 594 91 
92 92 361 53 
93 86 585 559 
94 559 598 86 
95 97 584 353 
96 66 555 65 
97 353 619 97 
98 41 556 40 
99 425 585 86 
100 365 550 95 
101 86 574 425 
102 100 631 41 
103 91 554 354 
104 561 589 346 
105 578 579 530 
106 407 408 108 
107 356 357 98 
108 104 616 555 
109 359 588 355 
110 358 607 92 
111 92 592 358 
112 1 582 79 
113 530 608 578 
114 105 538 360 
115 102 553 429 
116 588 595 355 
117 565 591 332 
118 96 565 425 
119 96 591 565 
120 361 584 52 
121 425 574 96 
122 461 631 100 
123 100 611 461 
124 406 610 601 
125 114 590 569 
126 107 589 561 
127 550 553 95 
128 102 603 553 
129 564 633 571 
130 601 610 93 
131 564 571 106 
132 98 552 356 
133 405 602 586 
134 105 593 538 
135 538 593 85 
136 85 628 538 
137 575 587 586 
138 79 582 81 
139 95 604 365 
140 107 561 358 
141 58 563 57 
142 109 625 519 
143 359 587 101 
144 569 590 87 
145 101 587 575 
146 111 577 366 
147 505 627 566 
148 627 635 566 
149 362 369 349 
150 103 364 363 
151 580 618 611 
152 82 563 58 
153 520 582 581 
154 581 582 1 
155 83 606 355 
156 357 622 98 
157 343 562 560 
158 586 602 89 
159 363 365 103 
160 101 588 359 
161 567 619 352 
162 355 595 83 
163 88 618 580 
164 570 572 532 
165 358 592 107 
166 349 369 113 
167 360 566 105 
168 346 589 563 
169 363 372 365 
170 560 562 82 
171 369 547 118 
172 362 547 369 
173 115 369 118 
174 262 372 280 
175 280 372 363 
176 275 372 262 
177 116 373 368 
178 117 373 116 
179 305 548 547 
180 376 544 374 
181 281 548 273 
182 305 547 362 
183 281 544 376 
184 122 376 374 
185 370 376 122 
186 119 370 122 
187 373 382 311 
188 376 548 281 
189 368 373 311 
190 120 382 373 
191 382 542 279 
192 547 548 370 
193 273 548 305 
194 311 382 279 
195 371 542 382 
196 371 382 120 
197 121 371 120 
198 545 546 250 
199 301 543 378 
200 127 377 130 
201 378 543 377 
202 374 375 126 
203 126 377 127 
204 377 543 130 
205 261 542 282 
206 123 374 126 
207 378 546 545 
208 282 542 381 
209 279 542 261 
210 375 377 126 
211 378 545 301 
212 381 542 371 
213 124 381 371 
214 381 540 282 
215 489 544 281 
216 379 540 381 
217 375 378 377 
218 379 381 124 
219 125 379 124 
220 384 417 293 
221 540 541 282 
222 385 539 251 
223 384 539 385 
224 385 541 540 
225 383 417 384 
226 132 383 129 
227 293 539 384 
228 132 417 383 
229 129 383 128 
230 417 506 327 
231 291 539 293 
232 132 506 417 
233 293 417 327 
234 314 454 268 
235 481 493 314 
236 470 503 263 
237 276 531 530 
238 285 303 302 
239 34 90 33 
240 307 441 421 
241 503 527 263 
242 421 441 347 
243 299 306 288 
244 255 270 230 
245 270 296 295 
246 278 514 513 
247 287 439 299 
248 204 440 439 
249 216 515 412 
250 344 443 342 
251 326 360 325 
252 176 216 175 
253 320 535 498 
254 202 534 497 
255 166 444 386 
256 130 495 131 
257 184 217 182 
258 267 449 315 
259 517 520 519 
260 231 463 257 
261 165 166 164 
262 278 513 348 
263 306 333 288 
264 185 190 189 
265 219 320 194 
266 418 447 177 
267 296 509 353 
268 240 477 258 
269 465 504 324 
270 441 515 347 
271 173 418 177 
272 212 416 284 
273 190 192 191 
274 243 260 259 
275 219 414 322 
276 156 164 163 
277 179 245 181 
278 238 478 419 
279 259 424 423 
280 341 343 342 
281 192 474 193 
282 206 243 242 
283 461 465 464 
284 42 100 41 
285 303 331 302 
286 298 451 152 
287 334 335 297 
288 216 412 175 
289 433 510 483 
290 426 428 275 
291 394 396 395 
292 514 535 320 
293 221 414 197 
294 398 407 391 
295 390 394 393 
296 227 388 387 
297 487 496 217 
298 224 227 200 
299 485 486 456 
300 203 485 431 
301 254 524 224 
302 158 159 154 
303 159 161 160 
304 289 294 208 
305 422 423 309 
306 235 426 249 
307 153 154 150 
308 161 168 162 
309 166 386 164 
310 453 494 490 
311 142 432 144 
312 144 148 147 
313 401 404 403 
314 519 526 518 
315 236 499 160 
316 320 498 194 
317 149 468 252 
318 435 436 434 
319 145 146 143 
320 300 301 294 
321 468 469 437 
322 138 141 139 
323 173 177 176 
324 427 429 428 
325 201 226 225 
326 168 186 169 
327 264 410 409 
328 411 501 415 
329 134 442 135 
330 140 415 137 
331 236 508 502 
332 257 463 459 
333 450 476 403 
334 244 264 207 
335 229 241 240 
336 415 438 136 
337 280 363 312 
338 198 508 169 
339 186 220 187 
340 327 438 328 
341 215 253 235 
342 131 134 133 
343 220 445 416 
344 424 425 423 
345 250 489 233 
346 293 327 292 
347 286 479 285 
348 291 292 290 
349 243 259 242 
350 187 416 199 
351 213 484 215 
352 214 488 211 
353 234 251 214 
354 318 512 330 
355 394 395 393 
356 351 512 274 
357 149 252 153 
358 305 362 350 
359 162 508 236 
360 405 521 450 
361 317 527 472 
362 472 507 317 
363 412 441 440 
364 360 538 513 
365 315 444 439 
366 296 334 297 
367 443 492 491 
368 138 139 137 
369 338 496 336 
370 253 484 452 
371 419 536 447 
372 278 535 514 
373 305 350 304 
374 458 464 457 
375 316 493 141 
376 171 434 201 
377 410 503 455 
378 494 495 329 
379 500 502 328 
380 366 367 319 
381 452 484 302 
382 266 309 308 
383 139 140 137 
384 266 422 309 
385 20 83 19 
386 3 109 2 
387 434 471 226 
388 44 88 43 
389 22 102 21 
390 433 511 510 
391 255 277 270 
392 15 89 14 
393 8 108 7 
394 412 515 441 
395 287 299 288 
396 218 255 230 
397 323 326 325 
398 336 496 487 
399 267 287 271 
400 268 454 269 
401 386 444 315 
402 185 188 184 
403 490 494 329 
404 156 165 164 
405 185 448 190 
406 179 180 178 
407 238 418 167 
408 195 219 194 
409 79 81 78 
410 179 447 245 
411 464 465 324 
412 152 451 156 
413 47 105 46 
414 480 482 245 
415 483 536 419 
416 398 408 407 
417 197 414 195 
418 313 314 268 
419 480 481 314 
420 433 483 478 
421 259 422 242 
422 392 398 391 
423 314 493 454 
424 196 289 208 
425 397 430 395 
426 393 456 388 
427 224 524 227 
428 456 486 387 
429 222 457 221 
430 144 432 148 
431 153 158 154 
432 201 224 200 
433 289 300 294 
434 142 511 432 
435 225 254 224 
436 171 435 434 
437 162 236 160 
438 138 316 141 
439 242 244 207 
440 467 470 437 
441 437 469 467 
442 181 482 183 
443 142 143 140 
444 209 413 223 
445 403 476 402 
446 517 519 518 
447 226 471 229 
448 500 501 283 
449 135 442 138 
450 231 257 222 
451 169 508 162 
452 405 450 403 
453 262 279 261 
454 223 250 233 
455 240 258 228 
456 399 523 396 
457 51 97 50 
458 280 311 279 
459 256 477 240 
460 235 248 234 
461 481 536 483 
462 71 96 70 
463 54 92 53 
464 133 506 132 
465 276 529 463 
466 433 478 298 
467 265 507 472 
468 285 479 303 
469 416 445 284 
470 291 293 292 
471 210 291 290 
472 215 484 253 
473 233 489 247 
474 272 276 246 
475 196 208 197 
476 64 91 63 
477 330 366 319 
478 211 488 210 
479 213 214 211 
480 304 531 272 
481 212 284 232 
482 170 486 159 
483 266 274 265 
484 303 359 355 
485 247 281 273 
486 274 512 507 
487 331 452 302 
488 157 469 151 
489 351 532 512 
490 139 511 142 
491 517 518 516 
492 308 351 274 
493 263 527 241 
494 466 476 220 
495 223 233 231 
496 265 472 264 
497 136 506 133 
498 261 282 248 
499 210 290 198 
500 212 232 213 
501 39 80 38 
502 278 348 277 
503 67 104 66 
504 348 352 277 
505 439 440 299 
506 69 86 68 
507 24 95 23 
508 307 421 354 
509 356 421 347 
510 513 538 348 
511 255 535 278 
512 130 131 129 
513 345 347 344 
514 440 441 307 
515 175 412 204 
516 270 509 296 
517 218 230 188 
518 287 288 271 
519 335 358 337 
520 336 487 297 
521 333 533 288 
522 353 361 334 
523 342 491 340 
524 296 353 334 
525 343 344 342 
526 188 420 184 
527 271 533 310 
528 340 497 338 
529 513 514 325 
530 173 175 172 
531 59 82 58 
532 323 325 321 
533 295 420 230 
534 339 346 341 
535 167 172 166 
536 497 534 496 
537 341 342 340 
538 335 336 297 
539 267 271 260 
540 178 492 176 
541 339 340 338 
542 498 535 218 
543 337 338 336 
544 182 534 180 
545 180 202 178 
546 164 386 174 
547 194 498 191 
548 183 448 185 
549 184 420 217 
550 176 492 216 
551 173 176 175 
552 491 492 202 
553 177 447 179 
554 202 497 491 
555 496 534 217 
556 504 505 326 
557 167 173 172 
558 165 451 238 
559 174 449 206 
560 315 449 386 
561 183 184 182 
562 322 522 324 
563 219 321 320 
564 324 504 323 
565 322 323 321 
566 237 448 313 
567 191 498 189 
568 180 534 202 
569 237 239 192 
570 243 267 260 
571 310 424 260 
572 152 156 155 
573 193 196 195 
574 56 107 55 
575 268 269 239 
576 239 475 474 
577 31 110 30 
578 190 237 192 
579 396 400 397 
580 483 510 481 
581 457 522 221 
582 205 446 163 
583 389 390 388 
584 249 275 262 
585 391 473 390 
586 389 524 392 
587 148 152 151 
588 392 525 406 
589 502 508 290 
590 269 490 475 
591 430 431 395 
592 200 387 170 
593 431 456 393 
594 460 461 458 
595 174 205 163 
596 193 474 196 
597 402 430 397 
598 394 399 396 
599 221 522 414 
600 518 525 254 
601 158 435 171 
602 207 409 205 
603 131 132 129 
604 208 413 209 
605 257 457 222 
606 409 455 446 
607 148 298 152 
608 252 437 436 
609 149 150 146 
610 455 467 157 
611 249 426 275 
612 390 473 394 
613 150 499 283 
614 163 446 155 
615 203 466 186 
616 474 475 289 
617 432 433 298 
618 143 411 140 
619 206 207 205 
620 227 389 388 
621 395 431 393 
622 209 221 197 
623 226 229 228 
624 158 170 159 
625 254 525 524 
626 431 485 456 
627 135 138 137 
628 328 501 500 
629 159 486 161 
630 171 200 170 
631 472 527 410 
632 401 402 397 
633 510 511 141 
634 518 526 525 
635 253 427 426 
636 258 516 228 
637 257 458 457 
638 241 317 256 
639 459 529 462 
640 252 435 153 
641 160 499 154 
642 446 455 157 
643 442 453 316 
644 402 466 430 
645 149 153 150 
646 168 203 186 
647 517 528 520 
648 244 422 266 
649 450 521 286 
650 252 468 437 
651 459 460 458 
652 144 145 143 
653 283 411 146 
654 319 477 256 
655 455 503 467 
656 470 471 436 
657 151 469 147 
658 201 434 226 
659 36 106 35 
660 236 500 499 
661 300 329 301 
662 276 463 246 
663 147 468 145 
664 134 494 442 
665 233 247 246 
666 367 528 477 
667 317 507 318 
668 249 261 248 
669 410 527 503 
670 12 99 11 
671 229 263 241 
672 186 466 220 
673 228 516 225 
674 199 212 211 
675 415 501 438 
676 137 415 136 
677 452 537 427 
678 241 527 317 
679 258 517 516 
680 284 285 232 
681 274 507 265 
682 247 273 272 
683 135 136 133 
684 220 476 445 
685 328 502 292 
686 10 84 9 
687 246 463 231 
688 244 265 264 
689 187 198 169 
690 477 528 258 
691 445 450 286 
692 318 319 256 
693 273 305 304 
694 199 416 212 
695 284 286 285 
696 427 537 429 
697 199 210 198 
698 215 234 214 
699 303 355 331 
700 481 510 493 
701 312 368 311 
702 49 85 48 
703 345 357 356 
704 307 354 306 
705 277 509 270 
706 347 515 344 
707 439 444 204 
708 420 487 217 
709 321 514 320 
710 255 278 277 
711 5 93 4 
712 447 536 245 
713 299 307 306 
714 313 482 480 
715 345 356 347 
716 344 515 443 
717 299 440 307 
718 343 345 344 
719 297 487 295 
720 204 444 172 
721 209 223 222 
722 384 385 380 
723 263 471 470 
724 315 439 287 
725 270 295 230 
726 189 218 188 
727 412 440 204 
728 338 497 496 
729 480 536 481 
730 218 535 255 
731 296 297 295 
732 360 513 325 
733 288 533 271 
734 175 204 172 
735 335 337 336 
736 165 167 166 
737 337 339 338 
738 177 178 176 
739 443 491 342 
740 325 514 321 
741 181 182 180 
742 172 444 166 
743 491 497 340 
744 267 315 287 
745 183 482 448 
746 323 504 326 
747 193 194 191 
748 206 449 243 
749 141 511 139 
750 419 447 418 
751 352 509 277 
752 185 189 188 
753 436 471 434 
754 217 534 182 
755 202 492 178 
756 183 185 184 
757 324 522 464 
758 237 268 239 
759 245 536 480 
760 298 478 451 
761 322 324 323 
762 190 191 189 
763 219 322 321 
764 243 449 267 
765 167 418 173 
766 396 523 400 
767 386 449 174 
768 177 179 178 
769 438 506 136 
770 165 238 167 
771 179 181 180 
772 292 502 290 
773 260 424 259 
774 190 448 237 
775 389 391 390 
776 74 94 73 
777 156 451 165 
778 164 174 163 
779 238 419 418 
780 192 193 191 
781 195 414 219 
782 193 195 194 
783 414 522 322 
784 451 478 238 
785 155 157 151 
786 475 490 300 
787 237 313 268 
788 161 485 168 
789 478 483 419 
790 174 206 205 
791 239 474 192 
792 313 480 314 
793 145 149 146 
794 516 518 254 
795 394 473 399 
796 464 522 457 
797 443 515 216 
798 269 475 239 
799 392 406 398 
800 196 474 289 
801 230 420 188 
802 339 341 340 
803 396 397 395 
804 295 487 420 
805 152 155 151 
806 389 392 391 
807 407 473 391 
808 227 524 389 
809 269 454 453 
810 400 401 397 
811 264 472 410 
812 525 526 406 
813 227 387 200 
814 216 492 443 
815 203 431 430 
816 289 475 300 
817 208 209 197 
818 161 486 485 
819 158 171 170 
820 409 446 205 
821 131 495 134 
822 168 485 203 
823 159 160 154 
824 327 506 438 
825 430 466 203 
826 153 435 158 
827 189 498 218 
828 209 222 221 
829 161 162 160 
830 171 201 200 
831 286 521 479 
832 148 151 147 
833 154 499 150 
834 252 436 435 
835 300 490 329 
836 294 413 208 
837 242 422 244 
838 442 494 453 
839 150 283 146 
840 249 262 261 
841 253 452 427 
842 138 442 316 
843 142 144 143 
844 146 411 143 
845 145 468 149 
846 271 310 260 
847 139 142 140 
848 225 516 254 
849 499 500 283 
850 410 455 409 
851 404 405 403 
852 264 409 207 
853 147 469 468 
854 253 426 235 
855 459 462 460 
856 226 228 225 
857 223 231 222 
858 134 495 494 
859 223 413 250 
860 302 484 232 
861 135 137 136 
862 438 501 328 
863 181 183 182 
864 241 256 240 
865 186 187 169 
866 445 476 450 
867 463 529 459 
868 276 530 529 
869 309 332 308 
870 327 328 292 
871 290 508 198 
872 233 246 231 
873 317 318 256 
874 131 133 132 
875 367 477 319 
876 448 482 313 
877 245 482 181 
878 244 266 265 
879 280 312 311 
880 210 488 291 
881 247 272 246 
882 212 213 211 
883 213 215 214 
884 247 489 281 
885 199 211 210 
886 156 163 155 
887 232 484 213 
888 512 532 330 
889 285 302 232 
890 273 304 272 
891 196 197 195 
892 259 423 422 
893 331 537 452 
894 461 464 458 
895 206 242 207 
896 390 393 388 
897 148 432 298 
898 388 456 387 
899 524 525 392 
900 387 486 170 
901 432 511 433 
902 155 446 157 
903 454 493 316 
904 453 490 269 
905 427 428 426 
906 401 403 402 
907 201 225 224 
908 437 470 436 
909 467 469 157 
910 257 459 458 
911 467 503 470 
912 144 147 145 
913 168 169 162 
914 235 249 248 
915 402 476 466 
916 283 501 411 
917 411 415 140 
918 229 471 263 
919 236 502 500 
920 262 280 279 
921 229 240 228 
922 363 364 312 
923 134 135 133 
924 258 528 517 
925 303 479 359 
926 453 454 316 
927 215 235 234 
928 220 416 187 
929 284 445 286 
930 272 531 276 
931 187 199 198 
932 318 330 319 
933 251 488 214 
934 507 512 318 
935 266 308 274 
936 77 111 76 
937 383 384 380 
938 128 383 380 
939 493 510 141 
940 62 98 61 
941 29 87 28 
942 17 101 16 
943 26 103 25 
944 127 130 129 
945 128 380 379 
946 488 539 291 
947 385 540 380 
948 128 379 125 
949 127 129 128 
950 251 541 385 
951 251 539 488 
952 380 540 379 
953 234 541 251 
954 282 541 248 
955 248 541 234 
956 127 128 125 
957 126 127 125 
958 130 543 495 
959 329 543 301 
960 123 126 125 
961 495 543 329 
962 123 125 124 
963 124 371 121 
964 250 546 489 
965 413 545 250 
966 301 545 294 
967 123 124 121 
968 122 374 123 
969 489 546 544 
970 374 544 375 
971 294 545 413 
972 375 546 378 
973 544 546 375 
974 122 123 121 
975 119 122 121 
976 120 373 117 
977 119 121 120 
978 119 120 117 
979 118 370 119 
980 118 547 370 
981 370 548 376 
982 118 119 117 
983 115 118 117 
984 115 117 116 
985 84 583 523 
986 115 116 114 
987 113 369 115 
988 275 550 372 
989 372 550 365 
990 113 115 114 
991 312 551 368 
992 356 552 421 
993 428 550 275 
994 568 620 606 
995 364 551 312 
996 354 554 306 
997 421 552 354 
998 428 553 550 
999 400 557 401 
1000 343 560 345 
1001 554 555 333 
1002 112 349 113 
1003 113 114 110 
1004 429 553 428 
1005 568 606 83 
1006 306 554 333 
1007 339 561 346 
1008 358 561 337 
1009 352 628 567 
1010 341 562 343 
1011 557 558 404 
1012 462 556 460 
1013 401 557 404 
1014 533 559 310 
1015 345 560 357 
1016 304 564 531 
1017 309 565 332 
1018 425 565 423 
1019 97 619 567 
1020 353 584 361 
1021 577 617 366 
1022 326 566 360 
1023 114 569 110 
1024 337 561 339 
1025 346 562 341 
1026 346 563 562 
1027 562 563 82 
1028 424 585 425 
1029 551 590 368 
1030 350 633 564 
1031 479 587 359 
1032 531 608 530 
1033 116 590 114 
1034 87 590 551 
1035 92 607 361 
1036 462 624 80 
1037 559 585 310 
1038 112 113 110 
1039 528 596 520 
1040 350 564 304 
1041 423 565 309 
1042 505 618 88 
1043 563 589 57 
1044 364 605 551 
1045 408 626 6 
1046 406 601 398 
1047 362 614 350 
1048 558 630 13 
1049 404 602 405 
1050 505 566 326 
1051 101 575 16 
1052 50 567 49 
1053 30 569 29 
1054 35 571 34 
1055 10 583 84 
1056 37 578 36 
1057 4 576 3 
1058 21 568 20 
1059 70 574 69 
1060 16 575 15 
1061 94 573 73 
1062 20 568 83 
1063 75 570 74 
1064 97 567 50 
1065 29 569 87 
1066 74 570 94 
1067 34 571 90 
1068 81 577 78 
1069 69 574 86 
1070 102 568 21 
1071 110 569 30 
1072 3 576 109 
1073 78 577 77 
1074 80 579 38 
1075 11 583 10 
1076 31 112 110 
1077 43 580 42 
1078 109 581 2 
1079 15 575 89 
1080 106 571 35 
1081 96 574 70 
1082 111 572 76 
1083 99 583 11 
1084 49 567 85 
1085 93 576 4 
1086 32 112 31 
1087 36 578 106 
1088 88 580 43 
1089 2 581 1 
1090 42 580 100 
1091 38 579 37 
1092 73 573 72 
1093 76 572 75 
1094 77 577 111 
1095 355 606 331 
1096 335 607 358 
1097 361 607 334 
1098 52 584 51 
1099 108 621 407 
1100 51 584 97 
1101 572 609 532 
1102 17 588 101 
1103 504 618 505 
1104 509 619 353 
1105 473 621 399 
1106 529 624 462 
1107 399 621 549 
1108 538 628 348 
1109 57 589 56 
1110 555 616 333 
1111 71 591 96 
1112 107 592 55 
1113 54 592 92 
1114 460 631 461 
1115 332 591 573 
1116 520 596 582 
1117 310 585 424 
1118 85 593 48 
1119 47 593 105 
1120 405 586 521 
1121 586 587 521 
1122 400 613 557 
1123 521 587 479 
1124 567 628 85 
1125 18 588 17 
1126 91 594 63 
1127 62 594 98 
1128 83 595 19 
1129 103 634 364 
1130 59 597 82 
1131 56 589 107 
1132 67 598 104 
1133 86 598 68 
1134 90 599 33 
1135 533 616 559 
1136 559 616 104 
1137 368 590 116 
1138 98 594 552 
1139 72 591 71 
1140 88 627 505 
1141 557 630 558 
1142 365 604 103 
1143 55 592 54 
1144 112 599 349 
1145 557 613 99 
1146 560 597 357 
1147 22 603 102 
1148 95 603 23 
1149 48 593 47 
1150 13 623 558 
1151 24 604 95 
1152 103 604 25 
1153 87 605 28 
1154 99 630 557 
1155 82 597 560 
1156 104 598 559 
1157 37 579 578 
1158 75 572 570 
1159 80 615 462 
1160 551 605 87 
1161 332 600 308 
1162 573 600 332 
1163 553 603 95 
1164 308 600 351 
1165 579 624 530 
1166 65 612 64 
1167 40 615 39 
1168 364 634 605 
1169 90 614 599 
1170 555 612 65 
1171 98 622 61 
1172 5 626 93 
1173 105 635 46 
1174 44 627 88 
1175 26 634 103 
1176 13 630 12 
1177 84 629 9 
1178 8 629 108 
1179 549 629 84 
1180 108 629 549 
1181 63 594 62 
1182 19 595 18 
1183 573 591 72 
1184 575 586 89 
1185 367 596 528 
1186 60 597 59 
1187 556 615 40 
1188 68 598 67 
1189 33 599 32 
1190 366 609 111 
1191 32 599 112 
1192 330 609 366 
1193 549 621 108 
1194 532 609 330 
1195 366 617 367 
1196 519 625 526 
1197 583 613 523 
1198 18 595 588 
1199 582 596 81 
1200 614 633 350 
1201 599 614 349 
1202 349 614 362 
1203 566 635 105 
1204 398 601 408 
1205 580 611 100 
1206 600 632 351 
1207 23 603 22 
1208 462 615 556 
1209 597 622 357 
1210 25 604 24 
1211 558 602 404 
1212 554 612 555 
1213 429 620 102 
1214 28 605 27 
1215 14 623 13 
1216 526 610 406 
1217 331 606 537 
1218 91 612 554 
1219 89 623 14 
1220 334 607 335 
1221 564 608 531 
1222 523 613 400 
1223 532 632 570 
1224 606 620 537 
1225 461 611 465 
1226 64 612 91 
1227 94 632 600 
1228 80 624 579 
1229 93 626 601 
1230 94 600 573 
1231 351 632 532 
1232 39 615 80 
1233 333 616 533 
1234 611 618 465 
1235 106 608 564 
1236 60 622 597 
1237 465 618 504 
1238 352 619 509 
1239 537 620 429 
1240 407 621 473 
1241 61 622 60 
1242 578 608 106 
1243 530 624 529 
1244 6 626 5 
1245 45 627 44 
1246 348 628 352 
1247 9 629 8 
1248 12 630 99 
1249 27 634 26 
1250 46 635 45 
1251 102 620 568 
1252 605 634 27 
1253 111 609 572 
1254 556 631 460 
1255 93 610 576 
1256 596 617 81 
1257 99 613 583 
1258 367 617 596 
1259 81 617 577 
1260 45 635 627 
1261 576 625 109 
1262 570 632 94 
1263 602 623 89 
1264 571 633 90 
1265 601 626 408 
1266 90 633 614 
1267 558 623 602 
1268 526 625 610 
1269 610 625 576 
$EndElements
