$MeshFormat
4.1 0 8
$EndMeshFormat
$Entities
4 4 1 0
1 0.02 0 0 0 
2 -0.02 0 0 0 
3 0 0.005 0 0 
4 0 -0.005 0 0 
1 -9.999999999940612e-08 -9.99999999998398e-08 -1e-07 0.0200001 0.0050001 1e-07 0 2 1 -3 
2 -0.0200001 -9.99999999998398e-08 -1e-07 9.999999999940612e-08 0.0050001 1e-07 0 2 3 -2 
3 -0.0200001 -0.0050001 -1e-07 9.999999999940612e-08 9.99999999998398e-08 1e-07 0 2 2 -4 
4 -9.999999999940612e-08 -0.0050001 -1e-07 0.0200001 9.99999999998398e-08 1e-07 0 2 4 -1 
1 -0.0200001 -0.0050001 -1e-07 0.0200001 0.0050001 1e-07 0 4 2 3 4 1 
$EndEntities
$Nodes
9 400 1 400
0 1 0 1
1
0.02 0 0
0 2 0 1
2
-0.02 0 0
0 3 0 1
3
0 0.005 0
0 4 0 1
4
0 -0.005 0
1 1 0 18
5
6
7
8
9
10
11
12
13
14
15
16
17
18
19
20
21
22
0.01894736842105263 0.0002631578947368422 0
0.01789473684210526 0.0005263157894736844 0
0.01684210526315789 0.0007894736842105267 0
0.01578947368421052 0.001052631578947369 0
0.01473684210526316 0.001315789473684211 0
0.01368421052631578 0.001578947368421054 0
0.01263157894736842 0.001842105263157896 0
0.01157894736842105 0.002105263157894739 0
0.01052631578947368 0.002368421052631581 0
0.009473684210526306 0.002631578947368424 0
0.008421052631578939 0.002894736842105265 0
0.007368421052631569 0.003157894736842108 0
0.006315789473684198 0.003421052631578951 0
0.005263157894736832 0.003684210526315792 0
0.004210526315789467 0.003947368421052633 0
0.003157894736842099 0.004210526315789475 0
0.002105263157894735 0.004473684210526316 0
0.001052631578947368 0.004736842105263158 0
1 2 0 18
23
24
25
26
27
28
29
30
31
32
33
34
35
36
37
38
39
40
-0.001052631578947369 0.004736842105263158 0
-0.002105263157894738 0.004473684210526315 0
-0.003157894736842107 0.004210526315789474 0
-0.004210526315789476 0.003947368421052631 0
-0.005263157894736845 0.003684210526315789 0
-0.006315789473684216 0.003421052631578946 0
-0.007368421052631584 0.003157894736842104 0
-0.008421052631578954 0.002894736842105262 0
-0.009473684210526325 0.002631578947368419 0
-0.01052631578947369 0.002368421052631577 0
-0.01157894736842106 0.002105263157894735 0
-0.01263157894736843 0.001842105263157892 0
-0.0136842105263158 0.00157894736842105 0
-0.01473684210526317 0.001315789473684208 0
-0.01578947368421053 0.001052631578947367 0
-0.0168421052631579 0.0007894736842105248 0
-0.01789473684210527 0.0005263157894736838 0
-0.01894736842105263 0.0002631578947368419 0
1 3 0 18
41
42
43
44
45
46
47
48
49
50
51
52
53
54
55
56
57
58
-0.01894736842105263 -0.0002631578947368422 0
-0.01789473684210526 -0.0005263157894736844 0
-0.01684210526315789 -0.0007894736842105267 0
-0.01578947368421052 -0.001052631578947369 0
-0.01473684210526316 -0.001315789473684211 0
-0.01368421052631578 -0.001578947368421054 0
-0.01263157894736842 -0.001842105263157896 0
-0.01157894736842105 -0.002105263157894739 0
-0.01052631578947368 -0.002368421052631581 0
-0.009473684210526306 -0.002631578947368424 0
-0.008421052631578939 -0.002894736842105265 0
-0.007368421052631569 -0.003157894736842108 0
-0.006315789473684198 -0.003421052631578951 0
-0.005263157894736832 -0.003684210526315792 0
-0.004210526315789467 -0.003947368421052633 0
-0.003157894736842099 -0.004210526315789475 0
-0.002105263157894735 -0.004473684210526316 0
-0.001052631578947368 -0.004736842105263158 0
1 4 0 18
59
60
61
62
63
64
65
66
67
68
69
70
71
72
73
74
75
76
0.001052631578947369 -0.004736842105263158 0
0.002105263157894738 -0.004473684210526315 0
0.003157894736842107 -0.004210526315789474 0
0.004210526315789476 -0.003947368421052631 0
0.005263157894736845 -0.003684210526315789 0
0.006315789473684216 -0.003421052631578946 0
0.007368421052631584 -0.003157894736842104 0
0.008421052631578954 -0.002894736842105262 0
0.009473684210526325 -0.002631578947368419 0
0.01052631578947369 -0.002368421052631577 0
0.01157894736842106 -0.002105263157894735 0
0.01263157894736843 -0.001842105263157892 0
0.0136842105263158 -0.00157894736842105 0
0.01473684210526317 -0.001315789473684208 0
0.01578947368421053 -0.001052631578947367 0
0.0168421052631579 -0.0007894736842105248 0
0.01789473684210527 -0.0005263157894736838 0
0.01894736842105263 -0.0002631578947368419 0
2 1 0 324
77
78
79
80
81
82
83
84
85
86
87
88
89
90
91
92
93
94
95
96
97
98
99
100
101
102
103
104
105
106
107
108
109
110
111
112
113
114
115
116
117
118
119
120
121
122
123
124
125
126
127
128
129
130
131
132
133
134
135
136
137
138
139
140
141
142
143
144
145
146
147
148
149
150
151
152
153
154
155
156
157
158
159
160
161
162
163
164
165
166
167
168
169
170
171
172
173
174
175
176
177
178
179
180
181
182
183
184
185
186
187
188
189
190
191
192
193
194
195
196
197
198
199
200
201
202
203
204
205
206
207
208
209
210
211
212
213
214
215
216
217
218
219
220
221
222
223
224
225
226
227
228
229
230
231
232
233
234
235
236
237
238
239
240
241
242
243
244
245
246
247
248
249
250
251
252
253
254
255
256
257
258
259
260
261
262
263
264
265
266
267
268
269
270
271
272
273
274
275
276
277
278
279
280
281
282
283
284
285
286
287
288
289
290
291
292
293
294
295
296
297
298
299
300
301
302
303
304
305
306
307
308
309
310
311
312
313
314
315
316
317
318
319
320
321
322
323
324
325
326
327
328
329
330
331
332
333
334
335
336
337
338
339
340
341
342
343
344
345
346
347
348
349
350
351
352
353
354
355
356
357
358
359
360
361
362
363
364
365
366
367
368
369
370
371
372
373
374
375
376
377
378
379
380
381
382
383
384
385
386
387
388
389
390
391
392
393
394
395
396
397
398
399
400
-1.517883041479706e-18 0.004473684210526316 0
0.001052631578947363 0.004210526315789475 0
0.002105263157894727 0.003947368421052634 0
0.003157894736842095 0.003684210526315793 0
0.004210526315789462 0.003421052631578951 0
0.005263157894736827 0.00315789473684211 0
0.006315789473684202 0.002894736842105266 0
0.007368421052631569 0.002631578947368423 0
0.008421052631578937 0.002368421052631582 0
0.009473684210526306 0.002105263157894739 0
0.01052631578947368 0.001842105263157897 0
0.01157894736842105 0.001578947368421054 0
0.01263157894736842 0.001315789473684212 0
0.01368421052631578 0.001052631578947369 0
0.01473684210526315 0.0007894736842105273 0
0.01578947368421052 0.0005263157894736848 0
0.01684210526315789 0.0002631578947368425 0
0.01789473684210527 3.794707603699266e-19 0
-0.00105263157894737 0.004210526315789474 0
-5.204170427930421e-18 0.003947368421052633 0
0.00105263157894736 0.003684210526315792 0
0.002105263157894727 0.003421052631578949 0
0.003157894736842096 0.003157894736842109 0
0.004210526315789463 0.002894736842105265 0
0.005263157894736837 0.002631578947368422 0
0.006315789473684203 0.002368421052631581 0
0.007368421052631573 0.00210526315789474 0
0.00842105263157894 0.001842105263157897 0
0.009473684210526313 0.001578947368421055 0
0.01052631578947369 0.001315789473684212 0
0.01157894736842105 0.00105263157894737 0
0.01263157894736842 0.000789473684210528 0
0.01368421052631579 0.0005263157894736857 0
0.01473684210526316 0.0002631578947368433 0
0.01578947368421053 1.301042606982605e-18 0
0.01684210526315791 -0.0002631578947368407 0
-0.002105263157894739 0.003947368421052631 0
-0.001052631578947373 0.003684210526315791 0
-8.673617379884035e-18 0.003421052631578949 0
0.00105263157894736 0.003157894736842107 0
0.002105263157894729 0.002894736842105266 0
0.003157894736842097 0.002631578947368424 0
0.004210526315789468 0.002368421052631582 0
0.005263157894736837 0.00210526315789474 0
0.006315789473684204 0.001842105263157898 0
0.007368421052631578 0.001578947368421055 0
0.008421052631578945 0.001315789473684213 0
0.009473684210526318 0.001052631578947371 0
0.01052631578947369 0.0007894736842105285 0
0.01157894736842106 0.0005263157894736863 0
0.01263157894736843 0.0002631578947368445 0
0.0136842105263158 2.059984127722458e-18 0
0.01473684210526317 -0.0002631578947368398 0
0.01578947368421054 -0.0005263157894736818 0
-0.003157894736842109 0.00368421052631579 0
-0.002105263157894742 0.003421052631578948 0
-0.001052631578947377 0.003157894736842107 0
-8.673617379884035e-18 0.002894736842105265 0
0.001052631578947361 0.002631578947368424 0
0.002105263157894729 0.002368421052631582 0
0.003157894736842101 0.002105263157894739 0
0.004210526315789469 0.001842105263157897 0
0.005263157894736839 0.001578947368421055 0
0.00631578947368421 0.001315789473684213 0
0.007368421052631579 0.001052631578947371 0
0.008421052631578952 0.0007894736842105281 0
0.009473684210526322 0.000526315789473686 0
0.01052631578947369 0.0002631578947368442 0
0.01157894736842106 2.168404344971009e-18 0
0.01263157894736843 -0.0002631578947368403 0
0.0136842105263158 -0.0005263157894736819 0
0.01473684210526317 -0.0007894736842105238 0
-0.004210526315789477 0.003421052631578946 0
-0.003157894736842111 0.003157894736842105 0
-0.002105263157894746 0.002894736842105265 0
-0.001052631578947376 0.002631578947368423 0
-7.37257477290143e-18 0.002368421052631581 0
0.00105263157894736 0.002105263157894739 0
0.002105263157894732 0.001842105263157897 0
0.003157894736842101 0.001578947368421055 0
0.004210526315789471 0.001315789473684213 0
0.005263157894736843 0.001052631578947371 0
0.006315789473684214 0.0007894736842105284 0
0.007368421052631583 0.000526315789473686 0
0.008421052631578952 0.0002631578947368437 0
0.009473684210526323 1.843143693225358e-18 0
0.01052631578947369 -0.0002631578947368403 0
0.01157894736842107 -0.0005263157894736819 0
0.01263157894736843 -0.0007894736842105242 0
0.0136842105263158 -0.001052631578947366 0
-0.005263157894736848 0.003157894736842105 0
-0.004210526315789479 0.002894736842105263 0
-0.003157894736842115 0.002631578947368422 0
-0.002105263157894745 0.002368421052631581 0
-0.001052631578947375 0.002105263157894739 0
-6.938893903907228e-18 0.001842105263157897 0
0.001052631578947365 0.001578947368421055 0
0.002105263157894734 0.001315789473684212 0
0.003157894736842105 0.001052631578947371 0
0.004210526315789474 0.000789473684210528 0
0.005263157894736845 0.0005263157894736865 0
0.006315789473684217 0.0002631578947368443 0
0.007368421052631587 1.734723475976807e-18 0
0.008421052631578956 -0.0002631578947368401 0
0.009473684210526325 -0.0005263157894736821 0
0.0105263157894737 -0.0007894736842105241 0
0.01157894736842106 -0.001052631578947365 0
0.01263157894736844 -0.001315789473684207 0
-0.006315789473684216 0.002894736842105262 0
-0.00526315789473685 0.002631578947368421 0
-0.004210526315789485 0.00236842105263158 0
-0.003157894736842113 0.002105263157894738 0
-0.002105263157894745 0.001842105263157896 0
-0.001052631578947375 0.001578947368421055 0
-3.469446951953614e-18 0.001315789473684212 0
0.001052631578947363 0.001052631578947369 0
0.002105263157894733 0.0007894736842105275 0
0.003157894736842106 0.000526315789473685 0
0.004210526315789475 0.0002631578947368432 0
0.005263157894736845 1.084202172485504e-18 0
0.006315789473684219 -0.000263157894736841 0
0.007368421052631587 -0.0005263157894736833 0
0.008421052631578958 -0.0007894736842105251 0
0.009473684210526327 -0.001052631578947367 0
0.0105263157894737 -0.001315789473684209 0
0.01157894736842106 -0.00157894736842105 0
-0.007368421052631589 0.00263157894736842 0
-0.006315789473684217 0.002368421052631578 0
-0.005263157894736854 0.002105263157894737 0
-0.004210526315789481 0.001842105263157895 0
-0.003157894736842112 0.001578947368421053 0
-0.002105263157894745 0.001315789473684212 0
-0.001052631578947372 0.001052631578947369 0
-2.602085213965211e-18 0.0007894736842105269 0
0.001052631578947366 0.0005263157894736853 0
0.002105263157894739 0.0002631578947368425 0
0.003157894736842107 6.505213034913027e-19 0
0.004210526315789479 -0.0002631578947368417 0
0.005263157894736852 -0.0005263157894736835 0
0.00631578947368422 -0.0007894736842105254 0
0.007368421052631589 -0.001052631578947368 0
0.008421052631578961 -0.001315789473684209 0
0.009473684210526325 -0.001578947368421051 0
0.01052631578947369 -0.001842105263157893 0
-0.008421052631578958 0.002368421052631577 0
-0.007368421052631589 0.002105263157894735 0
-0.00631578947368422 0.001842105263157894 0
-0.00526315789473685 0.001578947368421052 0
-0.004210526315789481 0.00131578947368421 0
-0.003157894736842114 0.00105263157894737 0
-0.002105263157894742 0.0007894736842105269 0
-0.001052631578947371 0.0005263157894736846 0
-1.734723475976807e-18 0.0002631578947368432 0
0.001052631578947371 2.168404344971009e-19 0
0.00210526315789474 -0.0002631578947368417 0
0.003157894736842112 -0.0005263157894736837 0
0.004210526315789484 -0.000789473684210526 0
0.005263157894736852 -0.001052631578947368 0
0.006315789473684223 -0.001315789473684209 0
0.007368421052631592 -0.001578947368421051 0
0.008421052631578959 -0.001842105263157893 0
0.009473684210526329 -0.002105263157894734 0
-0.009473684210526329 0.002105263157894734 0
-0.008421052631578961 0.001842105263157893 0
-0.00736842105263159 0.001578947368421051 0
-0.006315789473684223 0.001315789473684209 0
-0.005263157894736852 0.001052631578947368 0
-0.004210526315789482 0.0007894736842105266 0
-0.003157894736842111 0.0005263157894736837 0
-0.00210526315789474 0.0002631578947368417 0
-0.00105263157894737 -4.336808689942018e-19 0
1.734723475976807e-18 -0.0002631578947368427 0
0.001052631578947371 -0.0005263157894736844 0
0.002105263157894741 -0.0007894736842105267 0
0.003157894736842114 -0.001052631578947369 0
0.004210526315789481 -0.00131578947368421 0
0.005263157894736851 -0.001578947368421053 0
0.006315789473684223 -0.001842105263157894 0
0.007368421052631587 -0.002105263157894736 0
0.008421052631578958 -0.002368421052631577 0
-0.01052631578947369 0.001842105263157892 0
-0.009473684210526323 0.00157894736842105 0
-0.008421052631578961 0.00131578947368421 0
-0.007368421052631588 0.001052631578947368 0
-0.006315789473684217 0.0007894736842105252 0
-0.005263157894736852 0.0005263157894736834 0
-0.00421052631578948 0.000263157894736841 0
-0.003157894736842108 -8.673617379884035e-19 0
-0.002105263157894737 -0.0002631578947368425 0
-0.001052631578947366 -0.0005263157894736851 0
1.734723475976807e-18 -0.0007894736842105271 0
0.001052631578947373 -0.001052631578947369 0
0.002105263157894745 -0.001315789473684212 0
0.003157894736842113 -0.001578947368421053 0
0.004210526315789482 -0.001842105263157895 0
0.005263157894736854 -0.002105263157894736 0
0.006315789473684219 -0.002368421052631577 0
0.007368421052631587 -0.002631578947368419 0
-0.01157894736842106 0.00157894736842105 0
-0.0105263157894737 0.001315789473684209 0
-0.009473684210526327 0.001052631578947367 0
-0.008421052631578958 0.0007894736842105253 0
-0.007368421052631587 0.0005263157894736835 0
-0.006315789473684219 0.0002631578947368414 0
-0.005263157894736845 -8.673617379884035e-19 0
-0.004210526315789475 -0.0002631578947368432 0
-0.003157894736842107 -0.0005263157894736854 0
-0.002105263157894735 -0.0007894736842105277 0
-0.001052631578947365 -0.001052631578947369 0
4.336808689942018e-18 -0.001315789473684212 0
0.001052631578947376 -0.001578947368421055 0
0.002105263157894744 -0.001842105263157896 0
0.003157894736842112 -0.002105263157894738 0
0.004210526315789482 -0.002368421052631578 0
0.005263157894736848 -0.002631578947368421 0
0.006315789473684216 -0.002894736842105262 0
-0.01263157894736843 0.001315789473684207 0
-0.01157894736842106 0.001052631578947366 0
-0.0105263157894737 0.0007894736842105238 0
-0.009473684210526327 0.0005263157894736818 0
-0.008421052631578958 0.0002631578947368398 0
-0.007368421052631587 -1.301042606982605e-18 0
-0.006315789473684216 -0.0002631578947368443 0
-0.005263157894736846 -0.0005263157894736868 0
-0.004210526315789478 -0.0007894736842105281 0
-0.003157894736842105 -0.001052631578947371 0
-0.002105263157894735 -0.001315789473684212 0
-0.001052631578947365 -0.001578947368421055 0
7.806255641895632e-18 -0.001842105263157897 0
0.001052631578947375 -0.002105263157894738 0
0.002105263157894744 -0.002368421052631581 0
0.003157894736842113 -0.002631578947368422 0
0.004210526315789481 -0.002894736842105263 0
0.005263157894736845 -0.003157894736842105 0
-0.0136842105263158 0.001052631578947366 0
-0.01263157894736843 0.0007894736842105241 0
-0.01157894736842107 0.0005263157894736824 0
-0.01052631578947369 0.0002631578947368403 0
-0.009473684210526323 -1.734723475976807e-18 0
-0.008421052631578952 -0.0002631578947368437 0
-0.007368421052631584 -0.0005263157894736862 0
-0.006315789473684214 -0.000789473684210528 0
-0.005263157894736843 -0.001052631578947371 0
-0.00421052631578947 -0.001315789473684212 0
-0.003157894736842102 -0.001578947368421054 0
-0.002105263157894732 -0.001842105263157896 0
-0.00105263157894736 -0.00210526315789474 0
7.806255641895632e-18 -0.002368421052631581 0
0.001052631578947377 -0.002631578947368423 0
0.002105263157894746 -0.002894736842105264 0
0.003157894736842111 -0.003157894736842105 0
0.004210526315789479 -0.003421052631578947 0
-0.01473684210526317 0.0007894736842105237 0
-0.0136842105263158 0.0005263157894736822 0
-0.01263157894736843 0.00026315789473684 0
-0.01157894736842106 -2.059984127722458e-18 0
-0.01052631578947369 -0.0002631578947368443 0
-0.009473684210526323 -0.000526315789473686 0
-0.008421052631578949 -0.0007894736842105281 0
-0.007368421052631579 -0.00105263157894737 0
-0.00631578947368421 -0.001315789473684212 0
-0.005263157894736838 -0.001578947368421056 0
-0.00421052631578947 -0.001842105263157898 0
-0.003157894736842101 -0.002105263157894739 0
-0.002105263157894728 -0.002368421052631582 0
-0.001052631578947361 -0.002631578947368423 0
8.239936510889834e-18 -0.002894736842105264 0
0.001052631578947378 -0.003157894736842107 0
0.002105263157894742 -0.003421052631578948 0
0.00315789473684211 -0.003684210526315788 0
-0.01578947368421054 0.0005263157894736819 0
-0.01473684210526316 0.0002631578947368399 0
-0.0136842105263158 -2.168404344971009e-18 0
-0.01263157894736843 -0.0002631578947368442 0
-0.01157894736842106 -0.0005263157894736865 0
-0.01052631578947369 -0.0007894736842105285 0
-0.00947368421052632 -0.001052631578947371 0
-0.008421052631578951 -0.001315789473684213 0
-0.00736842105263158 -0.001578947368421055 0
-0.006315789473684206 -0.001842105263157898 0
-0.005263157894736837 -0.00210526315789474 0
-0.004210526315789468 -0.002368421052631582 0
-0.003157894736842097 -0.002631578947368425 0
-0.002105263157894729 -0.002894736842105265 0
-0.001052631578947361 -0.003157894736842108 0
8.239936510889834e-18 -0.003421052631578949 0
0.001052631578947373 -0.003684210526315791 0
0.002105263157894739 -0.003947368421052633 0
-0.0168421052631579 0.0002631578947368408 0
-0.01578947368421053 -1.355252715606881e-18 0
-0.01473684210526316 -0.0002631578947368433 0
-0.01368421052631579 -0.0005263157894736857 0
-0.01263157894736842 -0.0007894736842105278 0
-0.01157894736842105 -0.001052631578947369 0
-0.01052631578947368 -0.001315789473684212 0
-0.009473684210526311 -0.001578947368421055 0
-0.008421052631578944 -0.001842105263157898 0
-0.007368421052631571 -0.00210526315789474 0
-0.006315789473684205 -0.002368421052631581 0
-0.005263157894736834 -0.002631578947368424 0
-0.004210526315789463 -0.002894736842105267 0
-0.003157894736842096 -0.003157894736842107 0
-0.002105263157894728 -0.00342105263157895 0
-0.00105263157894736 -0.003684210526315791 0
4.98732999343332e-18 -0.003947368421052633 0
0.00105263157894737 -0.004210526315789473 0
-0.01789473684210527 -3.794707603699266e-19 0
-0.01684210526315789 -0.0002631578947368425 0
-0.01578947368421053 -0.0005263157894736848 0
-0.01473684210526316 -0.0007894736842105273 0
-0.01368421052631579 -0.001052631578947369 0
-0.01263157894736842 -0.001315789473684211 0
-0.01157894736842105 -0.001578947368421054 0
-0.01052631578947367 -0.001842105263157897 0
-0.00947368421052631 -0.002105263157894739 0
-0.008421052631578937 -0.002368421052631581 0
-0.00736842105263157 -0.002631578947368424 0
-0.006315789473684201 -0.002894736842105266 0
-0.005263157894736827 -0.00315789473684211 0
-0.004210526315789461 -0.003421052631578951 0
-0.003157894736842095 -0.003684210526315792 0
-0.002105263157894727 -0.003947368421052634 0
-0.001052631578947363 -0.004210526315789477 0
1.517883041479706e-18 -0.004473684210526316 0
$EndNodes
$Elements
9 802 1 802
0 1 15 1
1 1 
0 2 15 1
2 2 
0 3 15 1
3 3 
0 4 15 1
4 4 
1 1 1 19
5 1 5 
6 5 6 
7 6 7 
8 7 8 
9 8 9 
10 9 10 
11 10 11 
12 11 12 
13 12 13 
14 13 14 
15 14 15 
16 15 16 
17 16 17 
18 17 18 
19 18 19 
20 19 20 
21 20 21 
22 21 22 
23 22 3 
1 2 1 19
24 3 23 
25 23 24 
26 24 25 
27 25 26 
28 26 27 
29 27 28 
30 28 29 
31 29 30 
32 30 31 
33 31 32 
34 32 33 
35 33 34 
36 34 35 
37 35 36 
38 36 37 
39 37 38 
40 38 39 
41 39 40 
42 40 2 
1 3 1 19
43 2 41 
44 41 42 
45 42 43 
46 43 44 
47 44 45 
48 45 46 
49 46 47 
50 47 48 
51 48 49 
52 49 50 
53 50 51 
54 51 52 
55 52 53 
56 53 54 
57 54 55 
58 55 56 
59 56 57 
60 57 58 
61 58 4 
1 4 1 19
62 4 59 
63 59 60 
64 60 61 
65 61 62 
66 62 63 
67 63 64 
68 64 65 
69 65 66 
70 66 67 
71 67 68 
72 68 69 
73 69 70 
74 70 71 
75 71 72 
76 72 73 
77 73 74 
78 74 75 
79 75 76 
80 76 1 
2 1 2 722
81 3 23 22 
82 22 23 77 
83 22 77 21 
84 21 77 78 
85 21 78 20 
86 20 78 79 
87 20 79 19 
88 19 79 80 
89 19 80 18 
90 18 80 81 
91 18 81 17 
92 17 81 82 
93 17 82 16 
94 16 82 83 
95 16 83 15 
96 15 83 84 
97 15 84 14 
98 14 84 85 
99 14 85 13 
100 13 85 86 
101 13 86 12 
102 12 86 87 
103 12 87 11 
104 11 87 88 
105 11 88 10 
106 10 88 89 
107 10 89 9 
108 9 89 90 
109 9 90 8 
110 8 90 91 
111 8 91 7 
112 7 91 92 
113 7 92 6 
114 6 92 93 
115 6 93 5 
116 5 93 94 
117 5 94 1 
118 1 94 76 
119 23 24 77 
120 77 24 95 
121 77 95 78 
122 78 95 96 
123 78 96 79 
124 79 96 97 
125 79 97 80 
126 80 97 98 
127 80 98 81 
128 81 98 99 
129 81 99 82 
130 82 99 100 
131 82 100 83 
132 83 100 101 
133 83 101 84 
134 84 101 102 
135 84 102 85 
136 85 102 103 
137 85 103 86 
138 86 103 104 
139 86 104 87 
140 87 104 105 
141 87 105 88 
142 88 105 106 
143 88 106 89 
144 89 106 107 
145 89 107 90 
146 90 107 108 
147 90 108 91 
148 91 108 109 
149 91 109 92 
150 92 109 110 
151 92 110 93 
152 93 110 111 
153 93 111 94 
154 94 111 112 
155 94 112 76 
156 76 112 75 
157 24 25 95 
158 95 25 113 
159 95 113 96 
160 96 113 114 
161 96 114 97 
162 97 114 115 
163 97 115 98 
164 98 115 116 
165 98 116 99 
166 99 116 117 
167 99 117 100 
168 100 117 118 
169 100 118 101 
170 101 118 119 
171 101 119 102 
172 102 119 120 
173 102 120 103 
174 103 120 121 
175 103 121 104 
176 104 121 122 
177 104 122 105 
178 105 122 123 
179 105 123 106 
180 106 123 124 
181 106 124 107 
182 107 124 125 
183 107 125 108 
184 108 125 126 
185 108 126 109 
186 109 126 127 
187 109 127 110 
188 110 127 128 
189 110 128 111 
190 111 128 129 
191 111 129 112 
192 112 129 130 
193 112 130 75 
194 75 130 74 
195 25 26 113 
196 113 26 131 
197 113 131 114 
198 114 131 132 
199 114 132 115 
200 115 132 133 
201 115 133 116 
202 116 133 134 
203 116 134 117 
204 117 134 135 
205 117 135 118 
206 118 135 136 
207 118 136 119 
208 119 136 137 
209 119 137 120 
210 120 137 138 
211 120 138 121 
212 121 138 139 
213 121 139 122 
214 122 139 140 
215 122 140 123 
216 123 140 141 
217 123 141 124 
218 124 141 142 
219 124 142 125 
220 125 142 143 
221 125 143 126 
222 126 143 144 
223 126 144 127 
224 127 144 145 
225 127 145 128 
226 128 145 146 
227 128 146 129 
228 129 146 147 
229 129 147 130 
230 130 147 148 
231 130 148 74 
232 74 148 73 
233 26 27 131 
234 131 27 149 
235 131 149 132 
236 132 149 150 
237 132 150 133 
238 133 150 151 
239 133 151 134 
240 134 151 152 
241 134 152 135 
242 135 152 153 
243 135 153 136 
244 136 153 154 
245 136 154 137 
246 137 154 155 
247 137 155 138 
248 138 155 156 
249 138 156 139 
250 139 156 157 
251 139 157 140 
252 140 157 158 
253 140 158 141 
254 141 158 159 
255 141 159 142 
256 142 159 160 
257 142 160 143 
258 143 160 161 
259 143 161 144 
260 144 161 162 
261 144 162 145 
262 145 162 163 
263 145 163 146 
264 146 163 164 
265 146 164 147 
266 147 164 165 
267 147 165 148 
268 148 165 166 
269 148 166 73 
270 73 166 72 
271 27 28 149 
272 149 28 167 
273 149 167 150 
274 150 167 168 
275 150 168 151 
276 151 168 169 
277 151 169 152 
278 152 169 170 
279 152 170 153 
280 153 170 171 
281 153 171 154 
282 154 171 172 
283 154 172 155 
284 155 172 173 
285 155 173 156 
286 156 173 174 
287 156 174 157 
288 157 174 175 
289 157 175 158 
290 158 175 176 
291 158 176 159 
292 159 176 177 
293 159 177 160 
294 160 177 178 
295 160 178 161 
296 161 178 179 
297 161 179 162 
298 162 179 180 
299 162 180 163 
300 163 180 181 
301 163 181 164 
302 164 181 182 
303 164 182 165 
304 165 182 183 
305 165 183 166 
306 166 183 184 
307 166 184 72 
308 72 184 71 
309 28 29 167 
310 167 29 185 
311 167 185 168 
312 168 185 186 
313 168 186 169 
314 169 186 187 
315 169 187 170 
316 170 187 188 
317 170 188 171 
318 171 188 189 
319 171 189 172 
320 172 189 190 
321 172 190 173 
322 173 190 191 
323 173 191 174 
324 174 191 192 
325 174 192 175 
326 175 192 193 
327 175 193 176 
328 176 193 194 
329 176 194 177 
330 177 194 195 
331 177 195 178 
332 178 195 196 
333 178 196 179 
334 179 196 197 
335 179 197 180 
336 180 197 198 
337 180 198 181 
338 181 198 199 
339 181 199 182 
340 182 199 200 
341 182 200 183 
342 183 200 201 
343 183 201 184 
344 184 201 202 
345 184 202 71 
346 71 202 70 
347 29 30 185 
348 185 30 203 
349 185 203 186 
350 186 203 204 
351 186 204 187 
352 187 204 205 
353 187 205 188 
354 188 205 206 
355 188 206 189 
356 189 206 207 
357 189 207 190 
358 190 207 208 
359 190 208 191 
360 191 208 209 
361 191 209 192 
362 192 209 210 
363 192 210 193 
364 193 210 211 
365 193 211 194 
366 194 211 212 
367 194 212 195 
368 195 212 213 
369 195 213 196 
370 196 213 214 
371 196 214 197 
372 197 214 215 
373 197 215 198 
374 198 215 216 
375 198 216 199 
376 199 216 217 
377 199 217 200 
378 200 217 218 
379 200 218 201 
380 201 218 219 
381 201 219 202 
382 202 219 220 
383 202 220 70 
384 70 220 69 
385 30 31 203 
386 203 31 221 
387 203 221 204 
388 204 221 222 
389 204 222 205 
390 205 222 223 
391 205 223 206 
392 206 223 224 
393 206 224 207 
394 207 224 225 
395 207 225 208 
396 208 225 226 
397 208 226 209 
398 209 226 227 
399 209 227 210 
400 210 227 228 
401 210 228 211 
402 211 228 229 
403 211 229 212 
404 212 229 230 
405 212 230 213 
406 213 230 231 
407 213 231 214 
408 214 231 232 
409 214 232 215 
410 215 232 233 
411 215 233 216 
412 216 233 234 
413 216 234 217 
414 217 234 235 
415 217 235 218 
416 218 235 236 
417 218 236 219 
418 219 236 237 
419 219 237 220 
420 220 237 238 
421 220 238 69 
422 69 238 68 
423 31 32 221 
424 221 32 239 
425 221 239 222 
426 222 239 240 
427 222 240 223 
428 223 240 241 
429 223 241 224 
430 224 241 242 
431 224 242 225 
432 225 242 243 
433 225 243 226 
434 226 243 244 
435 226 244 227 
436 227 244 245 
437 227 245 228 
438 228 245 246 
439 228 246 229 
440 229 246 247 
441 229 247 230 
442 230 247 248 
443 230 248 231 
444 231 248 249 
445 231 249 232 
446 232 249 250 
447 232 250 233 
448 233 250 251 
449 233 251 234 
450 234 251 252 
451 234 252 235 
452 235 252 253 
453 235 253 236 
454 236 253 254 
455 236 254 237 
456 237 254 255 
457 237 255 238 
458 238 255 256 
459 238 256 68 
460 68 256 67 
461 32 33 239 
462 239 33 257 
463 239 257 240 
464 240 257 258 
465 240 258 241 
466 241 258 259 
467 241 259 242 
468 242 259 260 
469 242 260 243 
470 243 260 261 
471 243 261 244 
472 244 261 262 
473 244 262 245 
474 245 262 263 
475 245 263 246 
476 246 263 264 
477 246 264 247 
478 247 264 265 
479 247 265 248 
480 248 265 266 
481 248 266 249 
482 249 266 267 
483 249 267 250 
484 250 267 268 
485 250 268 251 
486 251 268 269 
487 251 269 252 
488 252 269 270 
489 252 270 253 
490 253 270 271 
491 253 271 254 
492 254 271 272 
493 254 272 255 
494 255 272 273 
495 255 273 256 
496 256 273 274 
497 256 274 67 
498 67 274 66 
499 33 34 257 
500 257 34 275 
501 257 275 258 
502 258 275 276 
503 258 276 259 
504 259 276 277 
505 259 277 260 
506 260 277 278 
507 260 278 261 
508 261 278 279 
509 261 279 262 
510 262 279 280 
511 262 280 263 
512 263 280 281 
513 263 281 264 
514 264 281 282 
515 264 282 265 
516 265 282 283 
517 265 283 266 
518 266 283 284 
519 266 284 267 
520 267 284 285 
521 267 285 268 
522 268 285 286 
523 268 286 269 
524 269 286 287 
525 269 287 270 
526 270 287 288 
527 270 288 271 
528 271 288 289 
529 271 289 272 
530 272 289 290 
531 272 290 273 
532 273 290 291 
533 273 291 274 
534 274 291 292 
535 274 292 66 
536 66 292 65 
537 34 35 275 
538 275 35 293 
539 275 293 276 
540 276 293 294 
541 276 294 277 
542 277 294 295 
543 277 295 278 
544 278 295 296 
545 278 296 279 
546 279 296 297 
547 279 297 280 
548 280 297 298 
549 280 298 281 
550 281 298 299 
551 281 299 282 
552 282 299 300 
553 282 300 283 
554 283 300 301 
555 283 301 284 
556 284 301 302 
557 284 302 285 
558 285 302 303 
559 285 303 286 
560 286 303 304 
561 286 304 287 
562 287 304 305 
563 287 305 288 
564 288 305 306 
565 288 306 289 
566 289 306 307 
567 289 307 290 
568 290 307 308 
569 290 308 291 
570 291 308 309 
571 291 309 292 
572 292 309 310 
573 292 310 65 
574 65 310 64 
575 35 36 293 
576 293 36 311 
577 293 311 294 
578 294 311 312 
579 294 312 295 
580 295 312 313 
581 295 313 296 
582 296 313 314 
583 296 314 297 
584 297 314 315 
585 297 315 298 
586 298 315 316 
587 298 316 299 
588 299 316 317 
589 299 317 300 
590 300 317 318 
591 300 318 301 
592 301 318 319 
593 301 319 302 
594 302 319 320 
595 302 320 303 
596 303 320 321 
597 303 321 304 
598 304 321 322 
599 304 322 305 
600 305 322 323 
601 305 323 306 
602 306 323 324 
603 306 324 307 
604 307 324 325 
605 307 325 308 
606 308 325 326 
607 308 326 309 
608 309 326 327 
609 309 327 310 
610 310 327 328 
611 310 328 64 
612 64 328 63 
613 36 37 311 
614 311 37 329 
615 311 329 312 
616 312 329 330 
617 312 330 313 
618 313 330 331 
619 313 331 314 
620 314 331 332 
621 314 332 315 
622 315 332 333 
623 315 333 316 
624 316 333 334 
625 316 334 317 
626 317 334 335 
627 317 335 318 
628 318 335 336 
629 318 336 319 
630 319 336 337 
631 319 337 320 
632 320 337 338 
633 320 338 321 
634 321 338 339 
635 321 339 322 
636 322 339 340 
637 322 340 323 
638 323 340 341 
639 323 341 324 
640 324 341 342 
641 324 342 325 
642 325 342 343 
643 325 343 326 
644 326 343 344 
645 326 344 327 
646 327 344 345 
647 327 345 328 
648 328 345 346 
649 328 346 63 
650 63 346 62 
651 37 38 329 
652 329 38 347 
653 329 347 330 
654 330 347 348 
655 330 348 331 
656 331 348 349 
657 331 349 332 
658 332 349 350 
659 332 350 333 
660 333 350 351 
661 333 351 334 
662 334 351 352 
663 334 352 335 
664 335 352 353 
665 335 353 336 
666 336 353 354 
667 336 354 337 
668 337 354 355 
669 337 355 338 
670 338 355 356 
671 338 356 339 
672 339 356 357 
673 339 357 340 
674 340 357 358 
675 340 358 341 
676 341 358 359 
677 341 359 342 
678 342 359 360 
679 342 360 343 
680 343 360 361 
681 343 361 344 
682 344 361 362 
683 344 362 345 
684 345 362 363 
685 345 363 346 
686 346 363 364 
687 346 364 62 
688 62 364 61 
689 38 39 347 
690 347 39 365 
691 347 365 348 
692 348 365 366 
693 348 366 349 
694 349 366 367 
695 349 367 350 
696 350 367 368 
697 350 368 351 
698 351 368 369 
699 351 369 352 
700 352 369 370 
701 352 370 353 
702 353 370 371 
703 353 371 354 
704 354 371 372 
705 354 372 355 
706 355 372 373 
707 355 373 356 
708 356 373 374 
709 356 374 357 
710 357 374 375 
711 357 375 358 
712 358 375 376 
713 358 376 359 
714 359 376 377 
715 359 377 360 
716 360 377 378 
717 360 378 361 
718 361 378 379 
719 361 379 362 
720 362 379 380 
721 362 380 363 
722 363 380 381 
723 363 381 364 
724 364 381 382 
725 364 382 61 
726 61 382 60 
727 39 40 365 
728 365 40 383 
729 365 383 366 
730 366 383 384 
731 366 384 367 
732 367 384 385 
733 367 385 368 
734 368 385 386 
735 368 386 369 
736 369 386 387 
737 369 387 370 
738 370 387 388 
739 370 388 371 
740 371 388 389 
741 371 389 372 
742 372 389 390 
743 372 390 373 
744 373 390 391 
745 373 391 374 
746 374 391 392 
747 374 392 375 
748 375 392 393 
749 375 393 376 
750 376 393 394 
751 376 394 377 
752 377 394 395 
753 377 395 378 
754 378 395 396 
755 378 396 379 
756 379 396 397 
757 379 397 380 
758 380 397 398 
759 380 398 381 
760 381 398 399 
761 381 399 382 
762 382 399 400 
763 382 400 60 
764 60 400 59 
765 40 2 383 
766 383 2 41 
767 383 41 384 
768 384 41 42 
769 384 42 385 
770 385 42 43 
771 385 43 386 
772 386 43 44 
773 386 44 387 
774 387 44 45 
775 387 45 388 
776 388 45 46 
777 388 46 389 
778 389 46 47 
779 389 47 390 
780 390 47 48 
781 390 48 391 
782 391 48 49 
783 391 49 392 
784 392 49 50 
785 392 50 393 
786 393 50 51 
787 393 51 394 
788 394 51 52 
789 394 52 395 
790 395 52 53 
791 395 53 396 
792 396 53 54 
793 396 54 397 
794 397 54 55 
795 397 55 398 
796 398 55 56 
797 398 56 399 
798 399 56 57 
799 399 57 400 
800 400 57 58 
801 400 58 59 
802 59 58 4 
$EndElements
